Perturbation	Average	SD	Data
[PD_01]	0.6326666641235351	0.5581590245935317	1.0	1.0	0.0	0.5	0.0	0.0	1.0	1.0	0.5	0.5	0.0	1.0	1.0	0.0	0.0	1.0	1.0	0.0	0.0	0.5	2.0	0.0	0.0	2.0	0.0	0.6666667	0.0	0.6666667	1.0	0.5	1.0	0.0	1.0	0.0	1.0	0.5	1.0	0.5	1.0	0.0	1.0	1.0	0.0	1.0	1.0	0.0	0.8	1.0	2.0	1.0
[PD_02]	2.0	0.0	2.0	2.0	2.0	2.0	2.0	2.0	2.0	2.0	2.0	2.0	2.0	2.0	2.0	2.0	2.0	2.0	2.0	2.0	2.0	2.0	2.0	2.0	2.0	2.0	2.0	2.0	2.0	2.0	2.0	2.0	2.0	2.0	2.0	2.0	2.0	2.0	2.0	2.0	2.0	2.0	2.0	2.0	2.0	2.0	2.0	2.0	2.0	2.0	2.0	2.0
[PD_03]	0.0	0.0
[PD_05]	1.78	0.6240094190811873	2.0	2.0	0.5	0.0	2.0	2.0	2.0	1.0	2.0	1.0	2.0	2.0	2.0	2.0	2.0	2.0	2.0	2.0	1.5	2.0	2.0	2.0	2.0	2.0	2.0	2.0	2.0	2.0	2.0	2.0	2.0	2.0	2.0	2.0	2.0	2.0	2.0	2.0	2.0	0.0	2.0	2.0	-1.0	2.0	2.0	2.0	2.0	2.0	2.0	2.0
[PD_06]	1.0	0.0	1.0	1.0	1.0	1.0	1.0	1.0	1.0	1.0	1.0	1.0	1.0	1.0	1.0	1.0	1.0	1.0	1.0	1.0	1.0	1.0	1.0	1.0	1.0	1.0	1.0	1.0	1.0	1.0	1.0	1.0	1.0	1.0	1.0	1.0	1.0	1.0	1.0	1.0	1.0	1.0	1.0	1.0	1.0	1.0	1.0	1.0	1.0	1.0	1.0	1.0
[PD_07]	1.8633334350585937	0.36217095517517434	2.0	2.0	2.0	2.0	2.0	2.0	1.0	1.0	2.0	2.0	2.0	2.0	2.0	2.0	2.0	1.0	1.0	2.0	1.6666666	2.0	2.0	2.0	2.0	2.0	2.0	2.0	2.0	2.0	2.0	2.0	2.0	2.0	2.0	2.0	2.0	2.0	2.0	2.0	2.0	1.0	2.0	2.0	2.0	2.0	2.0	0.5	2.0	2.0	2.0	2.0
[PD_08]	1.693983612060547	0.47494342402331086	2.0	1.75	2.0	2.0	1.7333333	2.0	2.0	1.5588236	1.8	2.0	1.8225807	0.72727275	1.9375	2.0	2.0	2.0	1.625	0.25	1.9375	1.6875	1.7575758	2.0	1.6363636	2.0	1.6428572	1.8148148	2.0	1.7941177	0.9259259	2.0	2.0	0.42857143	0.5135135	2.0	1.8529412	1.8367347	2.0	1.7741935	2.0	1.875	2.0	2.0	0.98	0.8181818	1.8125	0.76666665	1.875	2.0	2.0	1.7647059
[PD_09]	1.7739151000976563	0.3173759524536322	2.0	1.75	1.8225807	1.5588236	2.0	2.0	2.0	1.8	1.625	2.0	2.0	0.7368421	1.7333333	1.3076923	2.0	1.9375	2.0	2.0	1.9375	1.8125	1.7575758	2.0	1.6363636	1.8965517	1.7631578	2.0	2.0	1.7941177	1.2758621	2.0	2.0	0.875	1.0571429	1.8723404	1.8529412	2.0	2.0	1.7741935	2.0	1.875	2.0	2.0	1.3275862	1.15625	1.3076923	1.8125	1.875	2.0	2.0	1.7647059
[PD_10]	2.0	0.0	2.0	2.0	2.0	2.0	2.0	2.0	2.0	2.0	2.0	2.0	2.0	2.0	2.0	2.0	2.0	2.0	2.0	2.0	2.0	2.0	2.0	2.0	2.0	2.0	2.0	2.0	2.0	2.0	2.0	2.0	2.0	2.0	2.0	2.0	2.0	2.0	2.0	2.0	2.0	2.0	2.0	2.0	2.0	2.0	2.0	2.0	2.0	2.0	2.0	2.0
[PD_11]	1.693983612060547	0.47494342402331086	1.75	1.5588236	1.8225807	2.0	2.0	2.0	2.0	2.0	1.8	1.625	1.7333333	2.0	2.0	2.0	0.25	0.72727275	2.0	1.9375	1.9375	1.6875	1.7575758	2.0	1.6363636	1.8148148	2.0	1.6428572	2.0	1.7941177	2.0	0.9259259	2.0	2.0	0.42857143	0.5135135	1.8367347	1.8529412	2.0	1.7741935	2.0	1.875	2.0	0.98	2.0	0.8181818	1.8125	1.875	0.76666665	2.0	2.0	1.7647059
[PD_12]	2.0	0.0	2.0	2.0	2.0	2.0	2.0	2.0	2.0	2.0	2.0	2.0	2.0	2.0	2.0	2.0	2.0	2.0	2.0	2.0	2.0	2.0	2.0	2.0	2.0	2.0	2.0	2.0	2.0	2.0	2.0	2.0	2.0	2.0	2.0	2.0	2.0	2.0	2.0	2.0	2.0	2.0	2.0	2.0	2.0	2.0	2.0	2.0	2.0	2.0	2.0	2.0
[PD_01]-[PD_03]	0.0	0.0
[PD_07]-[PD_08]	1.070469741821289	1.0154927077878872	2.0	0.0	2.0	2.0	-0.8333333	-0.27272728	2.0	2.0	-0.33333334	2.0	-0.5	0.45454547	1.5	2.0	2.0	-0.45454547	-0.75	1.5	1.5	2.0	0.6	2.0	-0.4	1.6666666	2.0	1.5	2.0	2.0	2.0	0.16666667	2.0	1.0909091	1.3636364	2.0	1.7	-0.6666667	0.125	-0.2	2.0	2.0	1.0	0.1	-0.5	2.0	0.5	2.0	0.0	1.0	2.0	0.6666667
[PD_01]-[PD_07]	0.5406666564941406	0.5986867720785205	-0.33333334	0.5	0.6666667	0.0	0.0	0.5	0.5	1.0	0.0	0.5	0.0	0.0	0.5	1.0	0.6666667	0.0	1.0	1.0	0.0	0.2	2.0	0.0	0.0	0.0	0.6666667	1.0	0.5	2.0	0.0	1.0	1.0	0.0	0.0	1.0	1.0	0.0	0.5	0.5	1.0	1.0	0.6666667	1.0	2.0	0.0	-1.0	1.0	1.0	1.0	0.0	0.5
[PD_05]-[PD_12]	1.78	0.6240094190811873	0.5	2.0	2.0	2.0	2.0	1.0	0.0	2.0	2.0	2.0	1.0	2.0	2.0	2.0	2.0	2.0	2.0	2.0	2.0	1.5	2.0	2.0	2.0	2.0	2.0	2.0	2.0	2.0	2.0	2.0	2.0	2.0	2.0	2.0	2.0	2.0	2.0	2.0	2.0	2.0	2.0	2.0	2.0	-1.0	0.0	2.0	2.0	2.0	2.0	2.0
[PD_03]-[PD_06]	0.0	0.0
[PD_07]-[PD_10]	1.78	0.6240094190811873	0.5	2.0	2.0	2.0	2.0	1.0	2.0	2.0	2.0	2.0	2.0	2.0	0.0	2.0	2.0	1.0	2.0	2.0	2.0	1.5	2.0	2.0	2.0	2.0	2.0	2.0	2.0	2.0	2.0	2.0	2.0	2.0	2.0	2.0	2.0	2.0	2.0	2.0	2.0	2.0	2.0	2.0	2.0	-1.0	2.0	2.0	0.0	2.0	2.0	2.0
[PD_03]-[PD_07]	0.0	0.0
[PD_07]-[PD_12]	1.78	0.6240094190811873	0.5	2.0	2.0	2.0	2.0	2.0	2.0	1.0	2.0	2.0	2.0	2.0	2.0	2.0	0.0	1.0	2.0	2.0	1.5	2.0	2.0	2.0	2.0	2.0	2.0	2.0	2.0	2.0	2.0	2.0	2.0	2.0	2.0	2.0	2.0	2.0	2.0	2.0	2.0	2.0	2.0	-1.0	2.0	2.0	2.0	0.0	2.0	2.0	2.0	2.0
[PD_03]-[PD_05]	0.0	0.0
[PD_01]-[PD_08]	0.4541324996948242	0.4666857371237236	1.0	-0.125	0.5	0.3181818	0.75	1.0	0.0	0.0	0.5	0.0	1.0	0.18181819	-0.06666667	0.8548387	0.0	0.41379312	0.8235294	0.8235294	-0.35	0.0	1.6363636	-0.060606062	0.5967742	0.0	0.6666667	-0.3125	0.0	0.9411765	1.0	0.62068963	1.0	0.85294116	0.0	-0.029411765	0.0	0.93877554	0.44827586	0.1891892	0.4074074	0.9411765	-0.125	0.5	1.0	0.8181818	1.0	0.0	0.24	0.0	0.9375	0.875
[PD_06]-[PD_07]	0.89	0.29278938364623297	1.0	0.33333334	1.0	1.0	1.0	1.0	0.5	1.0	1.0	1.0	1.0	1.0	1.0	0.0	0.0	1.0	1.0	0.6666667	1.0	1.0	1.0	1.0	1.0	1.0	1.0	1.0	1.0	1.0	1.0	1.0	1.0	1.0	1.0	1.0	1.0	1.0	1.0	1.0	1.0	1.0	0.0	1.0	1.0	1.0	1.0	0.0	1.0	1.0	1.0	1.0
[PD_03]-[PD_09]	1.261174545288086	0.9330768583229108	2.0	1.0	0.5	2.0	2.0	2.0	2.0	0.5	2.0	2.0	1.0	-1.0	2.0	0.6666667	2.0	1.75	1.2142857	1.75	-0.6666667	1.5	1.1111112	0.6666667	1.5	1.6666666	2.0	2.0	2.0	2.0	1.3	2.0	2.0	-0.33333334	2.0	1.5	-1.0	1.6	2.0	1.0	-0.2	2.0	-0.16666667	2.0	1.25	2.0	-1.0	1.5	2.0	-0.25	1.5	1.2
[PD_03]-[PD_08]	1.261174545288086	0.9330768583229108	2.0	1.0	2.0	2.0	2.0	0.5	2.0	0.5	2.0	-1.0	1.0	2.0	2.0	0.6666667	2.0	1.75	1.2142857	-0.6666667	1.75	1.5	1.1111112	0.6666667	1.5	1.6666666	2.0	2.0	2.0	-0.33333334	2.0	2.0	1.3	2.0	2.0	-1.0	1.5	1.6	2.0	1.0	-0.2	2.0	2.0	1.25	-0.16666667	2.0	-1.0	1.5	2.0	-0.25	1.5	1.2
[PD_05]-[PD_07]	1.78	0.6240094190811873	0.5	2.0	2.0	2.0	2.0	2.0	2.0	2.0	2.0	2.0	1.0	2.0	0.0	1.0	2.0	2.0	2.0	2.0	1.5	2.0	2.0	2.0	2.0	2.0	2.0	2.0	2.0	2.0	2.0	2.0	2.0	2.0	2.0	2.0	2.0	2.0	2.0	2.0	2.0	2.0	2.0	2.0	-1.0	2.0	2.0	2.0	0.0	2.0	2.0	2.0
[PD_01]-[PD_02]	0.6326666641235351	0.5581590245935317	0.0	1.0	0.5	0.5	0.0	0.0	1.0	1.0	0.5	1.0	1.0	0.0	0.0	0.5	1.0	0.0	0.0	1.0	0.0	1.0	2.0	0.6666667	0.0	0.0	0.0	0.6666667	0.0	0.0	1.0	1.0	1.0	1.0	2.0	0.5	0.0	1.0	0.5	0.5	1.0	1.0	1.0	1.0	0.8	0.0	1.0	2.0	0.0	0.0	1.0	1.0
[PD_03]-[PD_10]	0.0	0.0
[PD_08]-[PD_10]	1.5650416564941407	0.593168906891103	2.0	1.5	2.0	1.3888888	2.0	2.0	2.0	0.25	2.0	2.0	1.3333334	1.625	2.0	1.875	1.5	-0.083333336	2.0	1.71875	1.875	1.375	1.6470588	1.4230769	2.0	1.5294118	1.5454545	2.0	2.0	1.6111112	2.0	2.0	2.0	2.0	0.61904764	0.0	1.7037038	1.7222222	1.5882353	0.33333334	2.0	2.0	2.0	0.65789473	0.45833334	1.625	2.0	2.0	0.375	1.75	1.75	1.5555556
[PD_06]-[PD_08]	0.7232941436767578	0.42913600970705545	1.0	0.8125	1.0	0.7352941	1.0	1.0	1.0	1.0	-0.13636364	1.0	0.75	0.8333333	1.0	1.0	0.8	-0.6	0.8548387	0.9375	1.0	0.6875	0.7878788	0.64285713	1.0	0.6875	1.0	0.6666667	1.0	0.85294116	1.0	1.0	1.0	1.0	0.037037037	0.88235295	-0.35714287	0.42857143	0.8064516	-0.35135135	1.0	1.0	1.0	-0.018518519	0.875	-0.037037037	1.0	1.0	0.875	-0.045454547	0.875	0.88235295
[PD_05]-[PD_08]	-0.21646028518676758	0.7179281332779017	0.5555556	-1.6666666	-0.42857143	0.0	-1.75	-0.75	-0.2857143	-0.875	-0.75	-0.75	-0.8333333	-0.5	-1.0	0.0	-0.33333334	-0.71428573	-0.1	0.14285715	0.71428573	0.16666667	0.33333334	1.25	-1.25	-0.6666667	0.5	0.5714286	-0.5	-1.0	-0.25	0.16666667	1.0	-1.5	0.25	0.14285715	-0.6666667	1.5	0.125	-0.33333334	1.0	0.5	0.0	0.1	-1.3333334	0.0	0.2	-0.5714286	-0.2	-0.5	-0.33333334	-0.2
[PD_08]-[PD_11]	1.693983612060547	0.47494342402331097	2.0	1.75	1.5588236	2.0	2.0	2.0	2.0	2.0	0.72727275	2.0	1.625	2.0	1.8	1.9375	1.7333333	1.8225807	0.25	1.9375	2.0	1.6875	1.7575758	1.6428572	1.8148148	2.0	0.9259259	1.7941177	2.0	1.6363636	2.0	2.0	2.0	1.8529412	2.0	2.0	0.42857143	1.8367347	1.7741935	0.5135135	2.0	2.0	2.0	0.98	1.8125	1.875	2.0	0.76666665	2.0	0.8181818	1.875	1.7647059
