Perturbation	Average	SD	Data
[PD_01]	0.730999984741211	0.6322045958237394	1.0	1.0	0.0	1.0	0.0	0.0	1.0	2.0	0.75	1.0	1.0	1.5	0.5	1.0	1.0	0.5	0.5	1.0	1.0	0.0	0.0	0.0	2.0	1.0	0.5	0.0	1.0	0.0	1.0	0.5	1.0	0.0	0.0	0.0	0.0	2.0	0.0	0.5	0.0	1.8	1.5	0.0	1.0	1.5	1.0	0.5	2.0	1.0	1.0	0.0
[PD_02]	2.0	0.0	2.0	2.0	2.0	2.0	2.0	2.0	2.0	2.0	2.0	2.0	2.0	2.0	2.0	2.0	2.0	2.0	2.0	2.0	2.0	2.0	2.0	2.0	2.0	2.0	2.0	2.0	2.0	2.0	2.0	2.0	2.0	2.0	2.0	2.0	2.0	2.0	2.0	2.0	2.0	2.0	2.0	2.0	2.0	2.0	2.0	2.0	2.0	2.0	2.0	2.0
[PD_03]	0.0	0.0
[PD_05]	1.73	0.7368576413890744	2.0	2.0	2.0	2.0	-1.0	2.0	2.0	2.0	2.0	2.0	1.0	2.0	2.0	2.0	2.0	2.0	2.0	2.0	2.0	1.0	2.0	2.0	0.5	2.0	2.0	-1.0	2.0	0.0	2.0	2.0	2.0	2.0	2.0	2.0	2.0	2.0	2.0	2.0	2.0	2.0	2.0	0.0	2.0	2.0	2.0	2.0	2.0	2.0	2.0	2.0
[PD_06]	1.0	0.0	1.0	1.0	1.0	1.0	1.0	1.0	1.0	1.0	1.0	1.0	1.0	1.0	1.0	1.0	1.0	1.0	1.0	1.0	1.0	1.0	1.0	1.0	1.0	1.0	1.0	1.0	1.0	1.0	1.0	1.0	1.0	1.0	1.0	1.0	1.0	1.0	1.0	1.0	1.0	1.0	1.0	1.0	1.0	1.0	1.0	1.0	1.0	1.0	1.0	1.0
[PD_07]	1.84	0.433777898591114	2.0	2.0	2.0	2.0	2.0	2.0	2.0	1.5	2.0	2.0	2.0	2.0	2.0	0.0	2.0	2.0	2.0	2.0	1.0	2.0	2.0	2.0	2.0	1.0	0.5	2.0	1.0	2.0	2.0	2.0	2.0	2.0	2.0	2.0	2.0	2.0	2.0	2.0	2.0	2.0	2.0	1.0	2.0	2.0	2.0	2.0	2.0	2.0	2.0	2.0
[PD_08]	1.6944998168945313	0.45351480811746175	1.7575758	1.882353	2.0	2.0	1.054054	1.8787879	1.8529412	1.7575758	2.0	1.9375	2.0	1.6470588	2.0	0.46774194	2.0	1.1025641	2.0	2.0	1.6764706	1.375	1.6875	1.7333333	1.5454545	2.0	2.0	2.0	1.9090909	2.0	1.875	2.0	2.0	1.4117647	1.8787879	1.6451613	1.4864864	2.0	0.3	1.5	0.84615386	2.0	1.6756756	1.7647059	1.9375	2.0	0.68421054	0.45454547	2.0	2.0	2.0	2.0
[PD_09]	1.757794647216797	0.32057267112758553	1.7575758	1.8787879	1.6470588	2.0	2.0	1.7575758	1.4	1.8529412	2.0	1.9375	1.882353	2.0	2.0	2.0	2.0	1.6764706	0.86	2.0	1.4	1.625	1.6875	1.5454545	1.7333333	2.0	2.0	2.0	1.9090909	2.0	1.875	2.0	2.0	1.4117647	1.6451613	1.4864864	1.8787879	2.0	0.7368421	1.5	1.3076923	2.0	1.6756756	1.7647059	2.0	1.9375	1.0425532	1.0769231	2.0	2.0	2.0	2.0
[PD_10]	2.0	0.0	2.0	2.0	2.0	2.0	2.0	2.0	2.0	2.0	2.0	2.0	2.0	2.0	2.0	2.0	2.0	2.0	2.0	2.0	2.0	2.0	2.0	2.0	2.0	2.0	2.0	2.0	2.0	2.0	2.0	2.0	2.0	2.0	2.0	2.0	2.0	2.0	2.0	2.0	2.0	2.0	2.0	2.0	2.0	2.0	2.0	2.0	2.0	2.0	2.0	2.0
[PD_11]	1.6944998168945313	0.45351480811746175	1.7575758	1.8787879	1.8529412	1.6470588	1.054054	2.0	2.0	1.882353	1.7575758	1.6764706	1.375	2.0	2.0	1.9375	2.0	2.0	2.0	1.1025641	0.46774194	2.0	1.6875	1.5454545	2.0	1.7333333	2.0	2.0	1.9090909	2.0	1.875	2.0	1.4117647	2.0	1.8787879	1.6451613	2.0	1.4864864	0.3	1.5	0.84615386	2.0	1.6756756	1.7647059	2.0	1.9375	2.0	0.45454547	0.68421054	2.0	2.0	2.0
[PD_12]	2.0	0.0	2.0	2.0	2.0	2.0	2.0	2.0	2.0	2.0	2.0	2.0	2.0	2.0	2.0	2.0	2.0	2.0	2.0	2.0	2.0	2.0	2.0	2.0	2.0	2.0	2.0	2.0	2.0	2.0	2.0	2.0	2.0	2.0	2.0	2.0	2.0	2.0	2.0	2.0	2.0	2.0	2.0	2.0	2.0	2.0	2.0	2.0	2.0	2.0	2.0	2.0
[PD_01]-[PD_03]	0.0	0.0
[PD_07]-[PD_08]	1.0167979431152343	1.1052044728520432	0.6	1.3333334	1.5	0.0	0.6	2.0	0.6	0.45454547	2.0	1.5	1.3333334	2.0	2.0	2.0	0.1	1.0	2.0	2.0	2.0	0.72727275	-0.33333334	2.0	-1.0	-1.0	2.0	2.0	2.0	1.4	1.0	-1.2727273	2.0	1.3	2.0	-1.0	-0.11111111	2.0	-0.36363637	-1.5	0.0	2.0	0.7222222	0.6666667	2.0	1.5	2.0	-1.25	2.0	2.0	0.33333334	2.0
[PD_01]-[PD_07]	0.5879999542236328	0.6460330708230527	1.0	1.0	0.5	1.0	1.0	-1.0	1.5	0.0	0.0	1.0	0.5	1.0	0.0	1.0	1.0	0.0	1.0	0.5	1.0	0.5	1.0	0.0	0.0	0.33333334	1.4	0.0	-0.6666667	0.0	1.0	0.0	0.0	0.0	0.5	1.0	0.0	2.0	0.0	0.5	0.0	1.6666666	1.5	0.5	0.0	0.6666667	2.0	0.5	1.0	0.5	1.5	0.0
[PD_05]-[PD_12]	1.73	0.7368576413890744	2.0	2.0	2.0	-1.0	2.0	2.0	2.0	2.0	2.0	2.0	1.0	2.0	2.0	2.0	1.0	2.0	2.0	2.0	2.0	2.0	2.0	2.0	2.0	2.0	0.5	0.0	-1.0	2.0	2.0	2.0	2.0	2.0	2.0	2.0	2.0	2.0	2.0	2.0	2.0	2.0	2.0	0.0	2.0	2.0	2.0	2.0	2.0	2.0	2.0	2.0
[PD_03]-[PD_06]	0.0	0.0
[PD_07]-[PD_10]	1.73	0.7368576413890744	2.0	2.0	2.0	2.0	2.0	-1.0	2.0	2.0	1.0	2.0	2.0	2.0	2.0	1.0	2.0	2.0	2.0	2.0	2.0	2.0	2.0	2.0	2.0	0.0	-1.0	2.0	0.5	2.0	2.0	2.0	2.0	2.0	2.0	2.0	2.0	2.0	2.0	2.0	2.0	2.0	0.0	2.0	2.0	2.0	2.0	2.0	2.0	2.0	2.0	2.0
[PD_03]-[PD_07]	0.0	0.0
[PD_07]-[PD_12]	1.73	0.7368576413890745	2.0	2.0	2.0	2.0	2.0	2.0	-1.0	1.0	2.0	2.0	2.0	1.0	2.0	2.0	2.0	2.0	2.0	2.0	2.0	2.0	2.0	2.0	0.0	-1.0	2.0	2.0	2.0	2.0	2.0	0.5	2.0	2.0	2.0	2.0	2.0	2.0	2.0	2.0	2.0	2.0	0.0	2.0	2.0	2.0	2.0	2.0	2.0	2.0	2.0	2.0
[PD_03]-[PD_05]	0.0	0.0
[PD_01]-[PD_08]	0.6144535064697265	0.6510874740677579	0.90909094	2.0	0.90909094	0.46969697	0.2244898	1.0	0.85294116	-0.125	0.0	1.0	0.4375	1.0	0.90909094	0.0	1.0	0.0	0.27419356	1.0	1.0	0.43661973	0.8125	0.8	0.5	0.0	-0.15151516	0.3898305	-0.030303031	2.0	-0.23529412	-0.15151516	0.0	2.0	-0.060606062	0.0	1.0	1.0	-0.25	0.2631579	-0.19354838	2.0	0.9375	1.3442622	0.0	1.0	0.9411765	1.9354838	-0.05882353	1.0	0.0	0.63265306
[PD_06]-[PD_07]	0.88	0.3499919018149929	1.0	1.0	1.0	1.0	1.0	1.0	1.0	0.0	-0.33333334	1.0	1.0	1.0	1.0	1.0	1.0	1.0	1.0	1.0	1.0	1.0	1.0	0.0	1.0	-0.5	1.0	1.0	1.0	0.33333334	1.0	1.0	1.0	1.0	1.0	1.0	1.0	1.0	1.0	1.0	1.0	1.0	0.5	1.0	1.0	1.0	1.0	1.0	1.0	1.0	1.0	1.0
[PD_03]-[PD_09]	1.25521240234375	0.9194107816496749	1.1111112	2.0	1.5555556	1.5	0.6	2.0	1.75	1.0	2.0	0.8	0.9	2.0	2.0	2.0	1.6	1.1111112	0.1	2.0	2.0	0.6	0.75	2.0	0.6666667	2.0	2.0	0.0	0.53846157	0.33333334	0.42857143	1.5	1.6666666	2.0	2.0	2.0	1.5555556	2.0	0.0	-1.0	-0.6666667	2.0	1.2	1.0769231	2.0	2.0	2.0	-2.0	2.0	1.75	2.0	0.33333334
[PD_03]-[PD_08]	1.25521240234375	0.9194107816496749	1.1111112	1.5555556	2.0	1.5	1.0	0.6	2.0	2.0	1.75	0.8	2.0	2.0	0.9	2.0	1.1111112	1.6	0.1	2.0	2.0	0.6	0.75	2.0	0.6666667	2.0	0.42857143	2.0	0.0	0.53846157	0.33333334	1.5	2.0	2.0	1.6666666	2.0	2.0	1.5555556	0.0	-1.0	-0.6666667	2.0	1.2	1.0769231	2.0	2.0	2.0	-2.0	1.75	2.0	2.0	0.33333334
[PD_05]-[PD_07]	1.73	0.7368576413890744	2.0	2.0	2.0	2.0	2.0	2.0	2.0	2.0	-1.0	1.0	2.0	2.0	1.0	2.0	2.0	2.0	2.0	2.0	2.0	2.0	2.0	0.0	2.0	-1.0	2.0	0.5	2.0	2.0	2.0	2.0	2.0	2.0	2.0	2.0	2.0	2.0	2.0	2.0	2.0	2.0	0.0	2.0	2.0	2.0	2.0	2.0	2.0	2.0	2.0	2.0
[PD_01]-[PD_02]	0.730999984741211	0.6322045958237394	1.0	2.0	1.0	0.5	1.5	0.0	1.0	0.0	0.5	1.0	1.0	1.0	1.0	1.0	0.0	1.0	0.75	0.0	1.0	0.5	1.0	0.5	1.0	0.0	2.0	0.0	0.0	0.5	0.0	2.0	0.0	0.0	1.0	0.0	1.0	0.0	0.0	0.5	0.0	1.8	1.0	1.5	0.0	2.0	1.0	1.0	1.0	0.5	0.0	1.5
[PD_03]-[PD_10]	0.0	0.0
[PD_08]-[PD_10]	1.5745530700683594	0.5698584230857693	1.6470588	2.0	1.7647059	1.7222222	1.875	0.75	2.0	2.0	2.0	2.0	1.3333334	1.5	1.6470588	0.8095238	1.7777778	2.0	2.0	2.0	0.19444445	0.9130435	1.4444444	2.0	1.2222222	1.5	2.0	1.3529412	1.4210526	2.0	1.4705882	2.0	1.8235294	1.75	2.0	1.7647059	2.0	2.0	1.1111112	0.5	0.0	2.0	1.5555556	1.5789474	2.0	2.0	2.0	1.875	2.0	-0.125	2.0	0.5483871
[PD_06]-[PD_08]	0.7579881286621094	0.3910418560541892	0.7878788	1.0	0.90909094	1.0	1.0	1.0	0.93939394	1.0	0.375	0.7878788	1.0	0.7352941	0.7647059	0.7297297	0.88235295	1.0	1.0	1.0	-0.37096775	0.17948718	0.75	1.0	0.5882353	1.0	0.8	0.7419355	1.0	0.7297297	0.6969697	1.0	0.93939394	1.0	0.90909094	0.875	1.0	1.0	0.625	-0.03846154	-0.55	1.0	1.0	0.7027027	0.88235295	1.0	0.9375	1.0	1.0	-0.18181819	1.0	-0.22807017
[PD_05]-[PD_08]	-0.21238311767578125	0.8170923151305693	0.33333334	0.5	1.1666666	0.25	-0.625	1.0	0.14285715	-1.0	0.2	0.14285715	-0.5	0.33333334	-1.2	0.33333334	0.6	-0.5	-1.2857143	1.5	-0.16666667	0.5714286	-0.33333334	-0.5	-1.6666666	-1.4285715	-1.0	-1.25	-1.0	-1.0	-0.2	-0.33333334	1.0	-0.2	-0.5714286	0.8333333	-1.5	-1.5	0.85714287	0.0	-0.5714286	0.0	-0.75	-0.27272728	0.5	0.2	0.5714286	-1.25	-1.25	1.0	-1.0	0.2
[PD_08]-[PD_11]	1.6945001220703124	0.4535148081175305	2.0	1.7575758	1.8787879	2.0	2.0	1.9375	1.8529412	2.0	2.0	1.375	1.7575758	1.054054	1.6764706	1.6470588	2.0	1.882353	2.0	2.0	0.46774194	1.1025641	1.6875	2.0	2.0	1.4117647	1.7333333	1.6451613	2.0	1.5454545	1.4864864	2.0	1.9090909	2.0	1.875	1.8787879	2.0	1.5	2.0	0.3	0.84615386	2.0	2.0	1.7647059	1.6756756	2.0	2.0	1.9375	0.45454547	2.0	2.0	0.68421054
