Perturbation	Average	SD	Data
[PD_01]	1.122084548792888	0.9948024168075774	2.0	1.0	2.0	2.0	1.0	1.0	0.0	2.0	1.0	2.0	2.0	2.0	1.0	1.0	0.2857143	2.0	-0.5	-0.25	2.0	-0.6666667	-0.4	1.625	0.0	2.0	2.0	2.0	0.0	2.0	1.0	2.0	2.0	2.0	2.0	0.75	-2.0	2.0	-2.0	2.0	2.0	0.8	-0.5	0.8	1.0	1.0	0.2857143	1.0	2.0	2.0	1.25	2.0	2.0	0.85714287	2.0	1.0	2.0	2.0	1.3333334	0.5	1.0	-0.33333334	2.0	1.0	2.0	2.0	1.625	1.5	-1.0	0.8	2.0	0.0	0.0	0.2	2.0	1.0	0.25	0.0	2.0	2.0	1.5	2.0	-0.7	1.6666666	2.0	1.0	1.75	2.0	1.0	0.0	-1.0	2.0	1.6	2.0	1.2	-0.5	2.0	1.3636364	0.75
[PD_02]	1.9833333333333334	0.12174164892416266	2.0	2.0	2.0	2.0	2.0	2.0	2.0	2.0	2.0	2.0	2.0	2.0	2.0	2.0	2.0	2.0	2.0	2.0	2.0	2.0	2.0	2.0	2.0	2.0	2.0	2.0	2.0	2.0	2.0	2.0	2.0	2.0	2.0	2.0	2.0	2.0	2.0	1.5	2.0	2.0	2.0	2.0	2.0	2.0	2.0	2.0	2.0	2.0	2.0	2.0	2.0	2.0	2.0	2.0	2.0	2.0	2.0	2.0	2.0	2.0	2.0	2.0	2.0	2.0	1.0	2.0	2.0	1.0	2.0	2.0	2.0	2.0	2.0	2.0	2.0	2.0	2.0	2.0	2.0	2.0	2.0	2.0	2.0	2.0	2.0	2.0	2.0	2.0	2.0	2.0	2.0	2.0	2.0	2.0	2.0	2.0	2.0	2.0	2.0	2.0	2.0	2.0	2.0	2.0	2.0	2.0	2.0	2.0	2.0	2.0	2.0	2.0	2.0	2.0	2.0	2.0	2.0	2.0	2.0	2.0	2.0	2.0	2.0	2.0	2.0	2.0	2.0	2.0	2.0	2.0	2.0	2.0	2.0	2.0	2.0	2.0	2.0	2.0	2.0	2.0	2.0	2.0	2.0	2.0	2.0	2.0	2.0	2.0	2.0	2.0
[PD_03]	1.5135553774626358	0.8240276493757477	2.0	2.0	2.0	2.0	2.0	1.0	1.0	2.0	2.0	2.0	1.2	2.0	2.0	0.2857143	2.0	0.5	2.0	2.0	-0.25	2.0	-0.6666667	-0.4	2.0	1.625	2.0	1.0	2.0	2.0	2.0	0.0	2.0	2.0	1.0	2.0	2.0	2.0	2.0	2.0	0.75	-2.0	2.0	-2.0	2.0	2.0	0.8	2.0	0.8	2.0	1.0	0.2857143	2.0	2.0	2.0	2.0	2.0	2.0	2.0	0.85714287	2.0	2.0	2.0	2.0	2.0	1.3333334	1.0	2.0	2.0	2.0	-0.33333334	2.0	2.0	2.0	2.0	2.0	1.625	1.75	2.0	0.8	1.5	2.0	1.0	2.0	0.2	2.0	2.0	2.0	2.0	0.25	0.0	2.0	2.0	1.3333334	2.0	1.5	2.0	2.0	0.1	1.6666666	2.0	1.5	2.0	1.75	2.0	2.0	2.0	1.0	2.0	2.0	1.6	1.0833334	2.0	0.5	2.0	1.3636364	0.75
[PD_04]	2.0	0.0	2.0	2.0	2.0	2.0	2.0	2.0	2.0	2.0	2.0	2.0	2.0	2.0	2.0	2.0	2.0	2.0	2.0	2.0	2.0	2.0	2.0	2.0	2.0	2.0	2.0	2.0	2.0	2.0	2.0	2.0	2.0	2.0	2.0	2.0	2.0	2.0	2.0	2.0	2.0	2.0	2.0	2.0	2.0	2.0	2.0	2.0	2.0	2.0	2.0	2.0	2.0	2.0	2.0	2.0	2.0	2.0	2.0	2.0	2.0	2.0	2.0	2.0	2.0	2.0	2.0	2.0	2.0	2.0	2.0	2.0	2.0	2.0	2.0	2.0	2.0	2.0	2.0	2.0	2.0	2.0	2.0	2.0	2.0	2.0	2.0	2.0	2.0	2.0	2.0	2.0	2.0	2.0	2.0	2.0	2.0	2.0	2.0	2.0	2.0	2.0	2.0	2.0	2.0	2.0
[PD_05]	1.9966666666666666	0.0408248290463862	2.0	2.0	2.0	2.0	2.0	2.0	2.0	2.0	2.0	2.0	2.0	2.0	2.0	2.0	2.0	2.0	2.0	2.0	2.0	2.0	2.0	2.0	2.0	2.0	2.0	2.0	2.0	2.0	2.0	2.0	2.0	2.0	2.0	2.0	2.0	2.0	2.0	2.0	2.0	2.0	1.5	2.0	2.0	2.0	2.0	2.0	2.0	2.0	2.0	2.0	2.0	2.0	2.0	2.0	2.0	2.0	2.0	2.0	2.0	2.0	2.0	2.0	2.0	2.0	2.0	2.0	2.0	2.0	2.0	2.0	2.0	2.0	2.0	2.0	2.0	2.0	2.0	2.0	2.0	2.0	2.0	2.0	2.0	2.0	2.0	2.0	2.0	2.0	2.0	2.0	2.0	2.0	2.0	2.0	2.0	2.0	2.0	2.0	2.0	2.0	2.0	2.0	2.0	2.0	2.0	2.0	2.0	2.0	2.0	2.0	2.0	2.0	2.0	2.0	2.0	2.0	2.0	2.0	2.0	2.0	2.0	2.0	2.0	2.0	2.0	2.0	2.0	2.0	2.0	2.0	2.0	2.0	2.0	2.0	2.0	2.0	2.0	2.0	2.0	2.0	2.0	2.0	2.0	2.0	2.0	2.0	2.0	2.0	2.0	2.0
[PD_06]	1.935555419921875	0.25746618938369786	2.0	2.0	2.0	2.0	2.0	2.0	2.0	2.0	2.0	2.0	2.0	2.0	2.0	2.0	2.0	2.0	2.0	2.0	2.0	1.3333334	2.0	2.0	2.0	2.0	2.0	2.0	2.0	2.0	2.0	2.0	2.0	2.0	2.0	2.0	2.0	2.0	2.0	2.0	2.0	2.0	1.5	2.0	2.0	2.0	2.0	2.0	2.0	2.0	0.0	2.0	2.0	2.0	2.0	2.0	2.0	2.0	2.0	2.0	2.0	2.0	2.0	1.0	2.0	2.0	2.0	1.0	2.0	2.0	2.0	2.0	2.0	2.0	2.0	2.0	2.0	1.6666666	2.0	2.0	2.0	2.0	2.0	2.0	2.0	2.0	2.0	2.0	2.0	2.0	2.0	2.0	2.0	1.3333334	1.0	2.0	2.0	2.0	2.0	2.0	2.0	2.0	2.0	2.0	2.0	2.0	2.0	2.0	2.0	2.0	2.0	2.0	2.0	2.0	2.0	2.0	2.0	2.0	2.0	2.0	2.0	2.0	1.0	2.0	2.0	2.0	2.0	2.0	2.0	2.0	2.0	2.0	2.0	2.0	2.0	2.0	2.0	1.5	2.0	2.0	2.0	2.0	2.0	2.0	2.0	2.0	2.0	2.0	1.0	2.0	2.0	2.0
[PD_07]	1.9888887532552084	0.09782623527246007	2.0	2.0	2.0	2.0	2.0	2.0	2.0	2.0	2.0	2.0	2.0	2.0	2.0	2.0	2.0	2.0	2.0	2.0	2.0	2.0	2.0	2.0	2.0	2.0	2.0	2.0	2.0	2.0	2.0	2.0	2.0	2.0	2.0	2.0	2.0	2.0	2.0	2.0	2.0	2.0	2.0	2.0	2.0	2.0	2.0	2.0	2.0	2.0	2.0	2.0	2.0	2.0	2.0	2.0	2.0	2.0	2.0	2.0	2.0	2.0	2.0	2.0	2.0	2.0	2.0	2.0	2.0	2.0	2.0	2.0	2.0	2.0	2.0	2.0	2.0	2.0	2.0	2.0	2.0	2.0	2.0	2.0	2.0	2.0	2.0	2.0	2.0	2.0	2.0	2.0	2.0	1.3333334	2.0	2.0	2.0	2.0	2.0	2.0	2.0	2.0	2.0	2.0	2.0	2.0	2.0	2.0	2.0	2.0	2.0	2.0	2.0	2.0	2.0	2.0	2.0	2.0	2.0	2.0	2.0	2.0	1.0	2.0	2.0	2.0	2.0	2.0	2.0	2.0	2.0	2.0	2.0	2.0	2.0	2.0	2.0	2.0	2.0	2.0	2.0	2.0	2.0	2.0	2.0	2.0	2.0	2.0	2.0	2.0	2.0	2.0
[PD_08]	0.8792222086588541	0.30282621416047767	1.0	1.0	1.0	1.0	1.0	1.0	1.0	0.5	0.25	1.0	1.0	1.0	1.0	1.0	0.25	1.0	1.0	0.33333334	0.4	1.0	1.0	1.0	1.0	1.0	1.0	1.0	0.0	1.0	1.0	1.0	1.0	1.0	1.0	1.0	1.0	1.0	1.0	0.5	1.0	1.0	1.0	1.0	1.0	1.0	0.5	1.0	1.0	1.0	1.0	1.0	1.0	1.0	1.0	1.0	1.0	1.0	1.0	0.0	1.0	1.0	1.0	1.0	1.0	1.0	1.0	1.0	1.0	1.0	1.0	0.25	0.5	1.0	1.0	1.0	1.0	1.0	1.0	1.0	1.0	0.0	1.0	1.0	1.0	1.0	1.0	1.0	1.0	1.0	1.0	1.0	0.0	1.0	1.0	1.0	1.0	1.0	1.0	1.0	1.0	1.0	1.0	1.0	1.0	1.0	0.0	0.0	0.0	1.0	1.0	1.0	1.0	1.0	1.0	1.0	1.0	1.0	1.0	1.0	1.0	1.0	1.0	1.0	0.4	1.0	1.0	0.0	1.0	1.0	1.0	1.0	1.0	1.0	0.0	0.0	1.0	0.0	1.0	1.0	0.0	1.0	1.0	1.0	1.0	1.0	1.0	1.0	1.0	1.0	1.0	1.0
[PD_09]	0.884984130859375	0.4851262856181355	1.0	1.0	1.0	1.5	1.0	0.5	1.0	1.0	1.0	0.5	1.0	0.5	1.0	0.6666667	2.0	1.0	0.0	1.0	1.0	1.0	0.5	1.0	0.8	0.5	2.0	0.4	1.0	1.0	0.5	0.5	1.0	0.5	1.0	0.0	2.0	0.5	1.0	0.5	0.5	1.0	1.0	1.0	1.0	1.0	1.0	1.0	0.0	1.0	0.0	1.0	0.5	0.0	2.0	1.0	0.0	1.0	1.0	0.75	0.5	1.0	0.0	1.0	0.5	1.0	1.0	0.5	0.5	0.0	0.0	1.0	1.0	1.0	1.5	0.5	1.0	0.5	0.5	0.0	0.5	0.71428573	1.0	0.0	1.0	1.3333334	0.0	1.0	1.0	1.0	2.0	1.0	0.5	2.0	1.0	1.0	2.0	1.0	0.5	1.0	1.0	0.5	0.5	1.0	1.0	1.0	1.0	1.0	2.0	1.0	1.0	0.6666667	1.0	0.0	1.0	0.5	1.0	1.0	0.5	1.0	0.5	1.0	1.0	0.5	2.0	2.0	1.0	1.0	1.0	2.0	1.0	1.0	1.0	1.5	0.75	2.0	1.0	1.0	2.0	1.0	1.0	1.0	1.0	0.6666667	0.0	0.0	1.0	1.0	1.0	0.5	1.0	1.0
[PD_10]	1.3813968912760417	0.5911949848741461	2.0	2.0	1.0	1.5	1.3333334	2.0	1.0	1.0	2.0	1.0	0.5	0.5	1.0	2.0	1.5	2.0	1.0	1.0	2.0	1.1428572	1.0	2.0	0.8	2.0	2.0	2.0	2.0	1.5	1.0	2.0	1.6666666	0.5	1.25	1.5	2.0	1.4	0.5	0.5	2.0	1.0	2.0	2.0	2.0	1.5	2.0	1.5	1.0	2.0	0.0	1.0	2.0	2.0	0.0	1.0	0.0	1.5	2.0	1.5	0.5	0.0	0.75	1.6666666	0.5	1.5	1.0	1.0	0.5	1.0	0.0	2.0	1.0	2.0	2.0	1.5	1.6666666	1.1428572	1.0	1.0	0.5	0.71428573	2.0	0.0	1.0	2.0	2.0	1.3333334	2.0	2.0	1.0	1.5	0.8333333	2.0	1.0	1.5	2.0	1.5	0.5	1.5	1.0	1.75	1.5	1.0	2.0	1.3333334	1.0	1.3333334	2.0	1.0	2.0	1.0	1.1428572	2.0	1.6666666	0.5	2.0	2.0	2.0	0.5	2.0	2.0	1.5	0.5	2.0	2.0	1.5	1.25	2.0	2.0	1.5	1.0	1.0	2.0	0.75	2.0	2.0	1.6666666	2.0	2.0	1.5	2.0	1.0	1.2	0.0	2.0	1.0	1.0	1.75	1.0	1.6666666	2.0
[PD_11]	1.302559004889594	0.6704278056873302	1.0	1.0	1.1666666	1.0	1.1	2.0	2.0	0.3846154	1.5	1.5384616	1.2857143	0.9591837	1.3181819	0.0	2.0	0.0	1.875	2.0	1.8	0.64285713	1.4117647	1.875	2.0	1.2	1.3888888	1.0	0.5	2.0	2.0	0.5	1.75	2.0	0.75	2.0	0.5	1.0	2.0	1.5	1.3888888	2.0	0.875	1.0	0.96153843	1.5555556	1.5	0.0	1.1666666	1.25	1.1363636	-0.36	1.0	2.0	2.0	1.3888888	0.8076923	0.5714286	1.8888888	2.0	0.96	0.0	2.0	0.6	2.0	0.0	1.625	2.0	1.4782609	0.5	2.0	0.25	2.0	0.5	0.64285713	1.5	2.0	1.25	0.8333333	0.6	-0.25	2.0	1.75	1.1	2.0	1.7142857	1.5	0.3255814	2.0	1.6363636	1.0	0.5	1.6666666	1.4	2.0	1.2916666	2.0	0.5714286	1.125	1.90625	1.1	2.0	1.0	2.0	0.5	1.0	-0.5	2.0	0.6	1.1111112	-0.33333334	2.0	2.0	2.0	1.0	0.8	2.0	1.5	1.5384616	1.2	1.75	1.1666666	2.0	1.6666666	0.625	2.0	0.75	2.0	1.8888888	2.0	2.0	2.0	1.8095238	1.1363636	-0.5714286	1.0	0.33333334	2.0	2.0	1.25	2.0	2.0	1.4285715	2.0	2.0	0.7647059
[PD_03]-[PD_08]	0.4892697209897249	0.6776856696897313	1.0	1.0	0.0	1.0	0.4	1.0	1.0	0.0	1.0	0.0	0.33333334	0.2	1.0	1.0	-0.2857143	0.0	1.0	1.0	0.0	-0.6	1.0	-1.0	-1.0	1.0	0.625	1.0	1.0	-0.6	1.0	0.5	0.6666667	1.0	1.0	1.0	1.0	1.0	1.0	1.0	0.75	-2.0	-2.0	0.0	1.0	1.0	0.2	-0.2857143	-0.2	1.0	1.0	0.0	1.0	1.0	1.0	1.0	1.0	1.0	0.0	-0.14285715	1.0	1.0	1.0	1.0	1.0	-0.6666667	0.2	1.0	1.0	1.0	-1.0	1.0	1.0	1.0	1.0	0.0	-0.25	0.0	1.0	0.5	1.0	-0.2	0.5	1.0	-0.6	1.0	1.0	1.0	1.0	-0.5	-1.0	0.4	1.0	0.33333334	0.5	0.0	1.0	1.0	-0.125	0.6666667	-0.5	0.0	1.0	0.0	1.0	1.0	0.0	0.5	1.0	1.0	0.75	0.083333336	0.0	1.0	1.0	-0.25	0.36363637
[PD_02]-[PD_07]	1.9711112467447918	0.13755436097832133	2.0	2.0	2.0	2.0	2.0	2.0	2.0	2.0	2.0	2.0	2.0	2.0	2.0	2.0	2.0	2.0	2.0	2.0	2.0	2.0	2.0	2.0	2.0	2.0	2.0	2.0	2.0	2.0	2.0	2.0	2.0	2.0	2.0	2.0	2.0	2.0	2.0	2.0	2.0	2.0	2.0	1.5	2.0	2.0	2.0	2.0	2.0	2.0	2.0	2.0	2.0	2.0	2.0	2.0	2.0	2.0	2.0	2.0	1.3333334	2.0	2.0	2.0	2.0	2.0	2.0	2.0	1.3333334	2.0	2.0	2.0	2.0	2.0	2.0	2.0	2.0	2.0	1.6666666	2.0	2.0	2.0	2.0	2.0	2.0	2.0	2.0	2.0	2.0	2.0	2.0	2.0	2.0	1.3333334	2.0	2.0	2.0	2.0	2.0	2.0	2.0	2.0	2.0	2.0	2.0	2.0	2.0	2.0	2.0	2.0	2.0	2.0	2.0	2.0	2.0	2.0	2.0	2.0	2.0	2.0	2.0	2.0	1.0	2.0	2.0	2.0	2.0	2.0	2.0	2.0	2.0	2.0	2.0	2.0	2.0	2.0	2.0	2.0	2.0	2.0	2.0	2.0	2.0	2.0	2.0	2.0	2.0	2.0	1.5	2.0	2.0	2.0
[PD_02]-[PD_08]	0.9088889567057291	0.26796848517279653	1.0	1.0	1.0	1.0	0.5	1.0	1.0	1.0	1.0	1.0	1.0	1.0	1.0	1.0	1.0	1.0	1.0	1.0	1.0	1.0	1.0	1.0	0.5	1.0	1.0	1.0	0.0	1.0	1.0	1.0	1.0	1.0	1.0	1.0	1.0	1.0	1.0	1.0	1.0	0.5	1.0	1.0	1.0	1.0	0.5	1.0	1.0	1.0	1.0	1.0	1.0	1.0	1.0	1.0	1.0	1.0	1.0	1.0	1.0	1.0	0.0	1.0	1.0	1.0	1.0	1.0	1.0	1.0	1.0	0.5	1.0	1.0	1.0	1.0	1.0	1.0	1.0	1.0	0.0	1.0	1.0	1.0	1.0	1.0	1.0	1.0	1.0	1.0	1.0	1.0	1.0	0.0	1.0	1.0	1.0	1.0	1.0	1.0	1.0	1.0	1.0	1.0	1.0	1.0	0.0	0.0	0.0	1.0	1.0	1.0	1.0	1.0	1.0	1.0	1.0	1.0	1.0	1.0	1.0	1.0	1.0	1.0	1.0	1.0	1.0	1.0	0.33333334	1.0	1.0	1.0	1.0	1.0	0.0	0.0	1.0	0.5	1.0	1.0	0.0	1.0	1.0	1.0	1.0	1.0	1.0	1.0	1.0	1.0	1.0	1.0
[PD_01]-[PD_04]	0.5396825245448521	1.1776771515762852	-1.0	2.0	0.0	1.0	-1.0	-0.25	0.0	1.75	-0.5	0.5	0.5	-2.0	2.0	0.0	0.0	-2.0	1.3333334	1.0	2.0	0.5	2.0	0.8	2.0	2.0	1.0	-1.5	0.0	1.25	1.3333334	0.2	0.25	-1.0	-1.1666666	1.6666666	2.0	1.5	1.3333334	-1.0	2.0	0.6666667	0.5	1.0
[PD_02]-[PD_06]	1.935555419921875	0.25746618938369786	2.0	2.0	2.0	2.0	2.0	2.0	2.0	2.0	2.0	2.0	2.0	2.0	2.0	2.0	2.0	2.0	1.3333334	2.0	2.0	2.0	2.0	2.0	2.0	2.0	2.0	2.0	2.0	2.0	2.0	2.0	2.0	2.0	2.0	2.0	2.0	2.0	2.0	2.0	2.0	2.0	2.0	1.5	2.0	2.0	2.0	2.0	2.0	2.0	0.0	2.0	2.0	2.0	2.0	2.0	2.0	2.0	2.0	2.0	1.0	2.0	2.0	2.0	2.0	2.0	2.0	2.0	2.0	1.0	2.0	2.0	2.0	2.0	2.0	2.0	2.0	2.0	1.6666666	2.0	2.0	2.0	2.0	2.0	2.0	2.0	2.0	2.0	2.0	2.0	2.0	2.0	1.3333334	2.0	1.0	2.0	2.0	2.0	2.0	2.0	2.0	2.0	2.0	2.0	2.0	2.0	2.0	2.0	2.0	2.0	2.0	2.0	2.0	2.0	2.0	2.0	2.0	2.0	2.0	2.0	2.0	2.0	1.0	2.0	2.0	2.0	2.0	2.0	2.0	2.0	2.0	2.0	2.0	2.0	2.0	2.0	2.0	1.5	2.0	2.0	2.0	2.0	2.0	2.0	2.0	2.0	2.0	2.0	1.0	2.0	2.0	2.0
[PD_02]-[PD_05]	1.9833333333333334	0.12174164892416267	2.0	2.0	2.0	2.0	2.0	2.0	2.0	2.0	2.0	2.0	2.0	2.0	2.0	2.0	2.0	2.0	2.0	2.0	2.0	2.0	2.0	2.0	2.0	2.0	2.0	2.0	2.0	2.0	2.0	2.0	2.0	2.0	2.0	2.0	2.0	2.0	2.0	2.0	2.0	2.0	2.0	1.5	2.0	2.0	2.0	2.0	2.0	2.0	2.0	2.0	2.0	2.0	2.0	2.0	2.0	2.0	2.0	1.0	2.0	2.0	2.0	2.0	2.0	2.0	2.0	2.0	1.0	2.0	2.0	2.0	2.0	2.0	2.0	2.0	2.0	2.0	2.0	2.0	2.0	2.0	2.0	2.0	2.0	2.0	2.0	2.0	2.0	2.0	2.0	2.0	2.0	2.0	2.0	2.0	2.0	2.0	2.0	2.0	2.0	2.0	2.0	2.0	2.0	2.0	2.0	2.0	2.0	2.0	2.0	2.0	2.0	2.0	2.0	2.0	2.0	2.0	2.0	2.0	2.0	2.0	2.0	2.0	2.0	2.0	2.0	2.0	2.0	2.0	2.0	2.0	2.0	2.0	2.0	2.0	2.0	2.0	2.0	2.0	2.0	2.0	2.0	2.0	2.0	2.0	2.0	2.0	2.0	2.0	2.0	2.0
[PD_01]-[PD_03]	1.0889231101753785	0.994675111426094	2.0	2.0	0.0	2.0	1.0	0.5	1.0	0.0	2.0	2.0	-0.5	1.2	2.0	2.0	0.2857143	1.0	1.0	2.0	-0.4	-0.25	-0.6666667	2.0	2.0	2.0	0.0	1.625	0.0	2.0	1.0	2.0	2.0	2.0	2.0	-2.0	0.75	2.0	2.0	-0.5	0.8	0.2857143	-2.0	1.0	0.8	2.0	1.0	1.0	2.0	1.25	2.0	2.0	2.0	1.0	0.85714287	2.0	2.0	2.0	0.5	1.3333334	1.0	-0.33333334	2.0	1.0	2.0	1.5	2.0	1.625	0.0	-1.0	2.0	0.8	0.0	0.2	2.0	1.0	0.25	0.0	2.0	2.0	1.5	2.0	-0.7	1.6666666	1.0	2.0	1.75	2.0	1.0	0.0	-1.0	2.0	1.6	-0.5	1.0833334	2.0	1.2	0.75	1.3636364
[PD_03]-[PD_10]	0.9794099227241848	0.8658689045300347	2.0	1.0	1.0	1.5	2.0	0.0	1.5	1.0	2.0	-0.25	1.0	1.2	0.8	2.0	0.2857143	1.0	2.0	2.0	2.0	1.0	-0.16666667	-0.25	-0.6666667	1.0	1.0	-0.16666667	0.5	1.625	1.0	2.0	2.0	1.5	1.0	2.0	0.0	2.0	0.0	2.0	-2.0	-1.25	0.0	0.75	0.5	0.375	-2.0	0.0	0.14285715	0.4	0.5	1.0	2.0	2.0	1.0	1.0	1.0	1.0	0.71428573	1.0	0.8	2.0	1.6	2.0	2.0	0.6666667	0.5	1.0	1.5	0.0	2.0	0.5	1.5	1.6666666	1.5	1.0	1.5	-0.375	1.0	1.0	1.0	1.5	0.5	0.5	0.2	2.0	2.0	0.5	2.0	0.25	0.25	0.5	1.5	2.0	0.0	2.0	2.0	1.0	-0.6	1.6666666	1.5	0.75	2.0	1.75	2.0	2.0	1.5	1.0	1.0	1.0	-0.2857143	-0.25	1.0	1.6666666	1.0833334	0.75	0.5
[PD_03]-[PD_09]	0.5513975392217222	0.7806763206418581	1.0	1.0	1.0	1.5	0.5	0.0	1.0	1.0	2.0	0.5	0.0	-0.25	0.8	1.0	-0.16666667	0.0	1.0	2.0	1.0	0.5	-0.6666667	-0.5	-1.0	1.0	0.0	0.5	-0.16666667	1.5714285	0.0	2.0	1.0	1.0	0.5	1.0	0.0	1.0	2.0	0.0	-2.0	-1.25	0.0	0.5	0.75	0.25	-2.0	0.0	-0.16666667	0.0	0.5	0.0	1.0	1.0	0.5	0.5	0.5	0.0	1.0	0.71428573	0.0	1.3333334	0.0	0.5	2.0	0.33333334	1.0	0.5	1.0	-0.6666667	2.0	0.5	1.5	0.5	1.0	1.0	1.2	-0.375	0.0	1.0	0.0	0.5	0.0	0.5	-0.5	1.0	1.0	0.5	1.0	-0.25	-0.33333334	0.5	1.5	2.0	0.0	1.0	2.0	1.0	-0.6	1.0	1.5	0.75	1.0	0.75	1.0	2.0	1.0	0.0	1.0	0.0	-0.4	-0.25	1.0	1.0	0.0	0.0	0.5
[PD_03]-[PD_04]	1.0317460317460319	1.167279846461659	2.0	2.0	-1.0	0.6666667	2.0	1.0	0.0	2.0	2.0	-1.0	-0.25	0.0	-0.5	1.75	2.0	2.0	0.5	-2.0	0.5	2.0	0.0	-2.0	1.3333334	0.0	1.0	2.0	2.0	2.0	2.0	0.8	2.0	2.0	2.0	1.0	2.0	-1.5	2.0	2.0	1.25	1.0	1.3333334	0.2	2.0	2.0	0.25	-1.0	1.0	2.0	2.0	2.0	-1.1666666	1.6666666	2.0	2.0	1.5	2.0	2.0	1.3333334	-1.0	2.0	0.5	0.8333333	1.0
[PD_03]-[PD_11]	0.5666334533691406	0.8343951343169	0.0	0.75	1.0	0.0	0.7	1.1666666	1.0	1.2857143	2.0	1.0	-0.6666667	-0.25	-0.625	0.0	0.0	1.5384616	1.875	0.5	0.14285715	1.875	0.6666667	0.33333334	0.8888889	1.8	1.2	0.9	1.0	0.5	-0.85714287	0.0	0.125	-2.0	1.5	-0.75	-0.5	0.5	-0.25	0.9	-0.16666667	1.0	1.5333333	0.875	1.0	2.0	0.25	0.6	0.5	1.5	-0.25	0.33333334	1.25	-0.375	-0.36	0.25	0.2777778	0.75	-2.0	0.0	0.72727275	-0.75	0.0	1.875	0.5	0.9	-2.0	0.0	0.125	0.8	1.625	0.33333334	1.2	0.5	-0.16666667	-1.5	2.0	0.5	0.035714287	1.0	1.0	-0.33333334	-0.25	1.7058823	0.25	0.8333333	1.5	1.1666666	-0.25	-0.6666667	0.0	1.7142857	0.24	1.0	1.0	0.625	-0.75	1.0	1.4	2.0	2.0	-0.125	0.5714286	0.25	1.875	-0.25	1.0	0.8181818	1.625	-0.25	0.5	-0.5	0.4	0.4	0.8	-0.33333334	0.2	1.25	0.6666667	0.8	1.0	0.375	0.0	0.8	1.5	1.5384616	-0.5	0.1	2.0	1.0	0.625	1.125	0.1	0.41666666	-0.083333336	1.875	1.1111112	1.0	1.1363636	1.8095238	-0.5714286	-0.25	0.33333334	0.5	1.6	0.5	0.8	2.0	0.6	0.25	0.5	1.0
