Perturbation	Average	SD	Data
[PD_01]	1.5902373177664622	0.6891899018266007	1.6	0.5	0.625	2.0	0.30769232	2.0	0.42857143	2.0	2.0	2.0	1.0	2.0	2.0	1.6666666	0.0	2.0	2.0	1.6	0.5	2.0	2.0	2.0	2.0	1.0	2.0	0.0	1.0	1.0	2.0	0.0	2.0	1.5	2.0	2.0	1.5	1.0	2.0	0.35714287	2.0	2.0	1.0	1.0	1.0	2.0	1.3333334	2.0	2.0	2.0	2.0	2.0	2.0	2.0	2.0	2.0	0.0	2.0	0.0	2.0	2.0	2.0	2.0	1.6666666	2.0	2.0	2.0	2.0	2.0	2.0	2.0	2.0	2.0	2.0	2.0	2.0	2.0	2.0	0.5	1.0	2.0	2.0	2.0	2.0	2.0	2.0	2.0	2.0	2.0	2.0	0.75	1.6	1.6666666	2.0	2.0	2.0	1.0	2.0	1.0	2.0	2.0	2.0	2.0	2.0	1.2	2.0	2.0	2.0	2.0	2.0	2.0	2.0	2.0	1.0	2.0	2.0	0.14285715	0.2	0.36363637	1.0	0.5	2.0	1.0	1.6666666	2.0	2.0	2.0	2.0	2.0	2.0	0.5	2.0	2.0	2.0	-1.0	2.0	-1.0	2.0	1.625	0.33333334	2.0	2.0
[PD_02]	1.952903035481771	0.21482802068732634	2.0	2.0	2.0	2.0	1.0	2.0	2.0	2.0	2.0	2.0	2.0	2.0	2.0	2.0	2.0	1.875	2.0	2.0	2.0	2.0	2.0	2.0	2.0	2.0	2.0	2.0	2.0	2.0	2.0	2.0	2.0	2.0	2.0	2.0	2.0	2.0	2.0	2.0	2.0	0.84615386	1.0	2.0	2.0	2.0	2.0	2.0	2.0	2.0	2.0	2.0	2.0	2.0	2.0	2.0	1.5	2.0	2.0	2.0	2.0	2.0	2.0	2.0	2.0	2.0	2.0	2.0	2.0	2.0	2.0	2.0	2.0	2.0	2.0	2.0	2.0	0.85714287	2.0	2.0	2.0	2.0	2.0	2.0	2.0	2.0	2.0	2.0	2.0	2.0	2.0	2.0	2.0	2.0	2.0	2.0	0.85714287	2.0	2.0	2.0	2.0	2.0	2.0	2.0	2.0	2.0	2.0	2.0	2.0	2.0	2.0	2.0	2.0	2.0	2.0	2.0	2.0	2.0	2.0	2.0	2.0	2.0	2.0	2.0	2.0	2.0	2.0	2.0	1.0	2.0	2.0	2.0	2.0	2.0	2.0	2.0	2.0	2.0	2.0	2.0	2.0	2.0	2.0	2.0	2.0	2.0	2.0	2.0	2.0	2.0	2.0	2.0
[PD_03]	1.863704833984375	0.35945798797892237	2.0	1.6	0.5	0.30769232	2.0	2.0	2.0	2.0	2.0	2.0	2.0	1.0	2.0	2.0	1.6666666	2.0	2.0	2.0	1.6	2.0	1.4	2.0	0.625	2.0	2.0	2.0	2.0	0.16666667	2.0	1.0	2.0	2.0	2.0	2.0	2.0	2.0	2.0	2.0	2.0	2.0	2.0	2.0	2.0	2.0	2.0	2.0	1.1428572	2.0	2.0	2.0	2.0	2.0	2.0	2.0	2.0	2.0	2.0	2.0	2.0	2.0	1.0	2.0	1.4	2.0	2.0	2.0	2.0	2.0	2.0	2.0	2.0	2.0	1.0	2.0	2.0	2.0	2.0	2.0	2.0	2.0	2.0	2.0	1.6666666	1.117647	2.0	2.0	2.0	2.0	2.0	2.0	2.0	2.0	2.0	2.0	2.0	2.0	1.75	1.6	2.0	2.0	2.0	2.0	2.0	2.0	2.0	2.0	1.5	2.0	2.0	2.0	2.0	2.0	1.2	2.0	2.0	2.0	2.0	2.0	2.0	2.0	2.0	2.0	2.0	1.5	2.0	1.0	2.0	2.0	0.5	2.0	2.0	2.0	2.0	2.0	2.0	2.0	2.0	2.0	2.0	2.0	2.0	2.0	2.0	2.0	2.0	2.0	1.8125	1.5	2.0	2.0
[PD_04]	2.0	0.0	2.0	2.0	2.0	2.0	2.0	2.0	2.0	2.0	2.0	2.0	2.0	2.0	2.0	2.0	2.0	2.0	2.0	2.0
[PD_05]	1.998888956705729	0.013608273104498319	2.0	2.0	2.0	2.0	2.0	2.0	2.0	2.0	2.0	2.0	2.0	2.0	2.0	2.0	2.0	2.0	2.0	2.0	2.0	2.0	2.0	2.0	2.0	2.0	2.0	2.0	2.0	2.0	2.0	2.0	2.0	2.0	2.0	2.0	2.0	2.0	2.0	2.0	2.0	2.0	2.0	2.0	2.0	2.0	2.0	2.0	2.0	2.0	2.0	2.0	2.0	2.0	2.0	1.8333334	2.0	2.0	2.0	2.0	2.0	2.0	2.0	2.0	2.0	2.0	2.0	2.0	2.0	2.0	2.0	2.0	2.0	2.0	2.0	2.0	2.0	2.0	2.0	2.0	2.0	2.0	2.0	2.0	2.0	2.0	2.0	2.0	2.0	2.0	2.0	2.0	2.0	2.0	2.0	2.0	2.0	2.0	2.0	2.0	2.0	2.0	2.0	2.0	2.0	2.0	2.0	2.0	2.0	2.0	2.0	2.0	2.0	2.0	2.0	2.0	2.0	2.0	2.0	2.0	2.0	2.0	2.0	2.0	2.0	2.0	2.0	2.0	2.0	2.0	2.0	2.0	2.0	2.0	2.0	2.0	2.0	2.0	2.0	2.0	2.0	2.0	2.0	2.0	2.0	2.0	2.0	2.0	2.0	2.0	2.0	2.0
[PD_06]	1.7968092854817708	0.4223066980207206	2.0	1.3333334	2.0	2.0	2.0	2.0	0.5	2.0	2.0	1.875	0.0	1.0	2.0	2.0	2.0	1.0	1.0	2.0	2.0	2.0	2.0	2.0	2.0	2.0	2.0	2.0	2.0	2.0	1.0	2.0	2.0	2.0	1.5	2.0	0.84615386	2.0	1.5	2.0	2.0	2.0	2.0	2.0	2.0	2.0	2.0	2.0	2.0	2.0	2.0	2.0	2.0	2.0	2.0	1.5	2.0	2.0	1.5	2.0	2.0	1.8571428	2.0	2.0	2.0	2.0	2.0	1.0	2.0	2.0	2.0	2.0	1.0	2.0	1.0	1.75	0.85714287	2.0	2.0	2.0	2.0	2.0	2.0	2.0	2.0	2.0	1.0	2.0	2.0	2.0	2.0	1.0	2.0	1.5	2.0	2.0	0.85714287	2.0	1.9333333	2.0	2.0	1.0	2.0	1.0	2.0	2.0	1.9361702	2.0	2.0	1.5714285	2.0	2.0	2.0	2.0	1.0	2.0	2.0	1.0	2.0	2.0	2.0	1.0	2.0	2.0	1.0	2.0	1.5	2.0	2.0	2.0	2.0	2.0	0.0	2.0	1.5	2.0	1.7045455	2.0	2.0	2.0	2.0	2.0	2.0	2.0	2.0	2.0	2.0	2.0	1.0	2.0	2.0	2.0
[PD_07]	1.9548333740234376	0.1418664527582217	2.0	2.0	2.0	2.0	1.6666666	2.0	2.0	2.0	1.6666666	2.0	2.0	2.0	1.3333334	1.5	2.0	2.0	2.0	2.0	2.0	2.0	1.6666666	2.0	2.0	2.0	2.0	2.0	2.0	2.0	2.0	2.0	2.0	2.0	1.75	2.0	2.0	2.0	1.5	2.0	2.0	2.0	2.0	2.0	2.0	2.0	2.0	2.0	2.0	2.0	2.0	2.0	2.0	2.0	2.0	2.0	2.0	2.0	2.0	2.0	2.0	2.0	1.9333333	2.0	2.0	2.0	2.0	2.0	2.0	2.0	2.0	2.0	1.5	2.0	1.5	1.875	2.0	2.0	2.0	2.0	2.0	2.0	2.0	2.0	2.0	2.0	2.0	2.0	2.0	2.0	2.0	1.5	2.0	2.0	2.0	2.0	2.0	2.0	2.0	2.0	2.0	2.0	2.0	2.0	2.0	2.0	2.0	2.0	2.0	2.0	2.0	2.0	2.0	2.0	2.0	2.0	2.0	2.0	2.0	2.0	2.0	2.0	2.0	2.0	2.0	1.5	1.5	1.5	2.0	2.0	2.0	2.0	2.0	2.0	2.0	2.0	2.0	2.0	2.0	2.0	2.0	2.0	2.0	2.0	2.0	2.0	2.0	2.0	2.0	2.0	2.0	1.3333334
[PD_08]	0.8677778116861979	0.34178146000662163	1.0	1.0	1.0	0.0	1.0	1.0	1.0	1.0	1.0	1.0	1.0	1.0	1.0	1.0	1.0	-0.33333334	1.0	1.0	1.0	1.0	1.0	1.0	1.0	1.0	1.0	1.0	1.0	1.0	1.0	1.0	1.0	1.0	1.0	1.0	1.0	0.0	0.0	1.0	1.0	1.0	1.0	0.0	1.0	1.0	1.0	1.0	1.0	1.0	1.0	1.0	1.0	1.0	1.0	1.0	1.0	0.0	1.0	0.0	0.5	1.0	1.0	1.0	1.0	1.0	1.0	1.0	1.0	1.0	1.0	1.0	1.0	1.0	1.0	1.0	1.0	1.0	1.0	1.0	1.0	0.0	1.0	1.0	1.0	1.0	1.0	1.0	1.0	1.0	1.0	1.0	0.0	1.0	1.0	1.0	0.0	1.0	1.0	0.0	1.0	0.0	1.0	1.0	1.0	1.0	1.0	0.0	1.0	0.0	1.0	1.0	1.0	1.0	1.0	1.0	1.0	1.0	1.0	1.0	0.0	1.0	1.0	1.0	1.0	0.0	0.0	1.0	1.0	1.0	1.0	1.0	1.0	1.0	1.0	1.0	1.0	1.0	1.0	1.0	1.0	1.0	1.0	0.0	1.0	1.0	1.0	1.0	1.0	1.0	1.0	0.0
[PD_09]	0.835888926188151	0.5309676860919486	1.0	1.0	0.0	1.0	1.0	1.0	0.5	2.0	1.0	1.0	1.0	1.0	2.0	1.0	0.5	0.5	1.0	1.0	1.0	0.5	0.0	1.0	1.0	1.0	1.0	1.0	1.0	0.0	0.0	0.5	1.0	0.0	1.0	1.0	0.5	1.0	0.5	0.5	2.0	1.0	0.0	1.0	0.5	0.5	2.0	1.0	1.0	1.0	0.5	2.0	0.5	1.3	1.5	1.0	1.0	1.0	2.0	0.0	2.0	1.0	0.5	1.0	2.0	0.5	1.0	0.5	0.8	0.8	0.5	1.0	0.5	0.5	1.0	1.0	0.5	1.0	0.5	0.5	1.0	0.0	1.0	1.0	1.0	1.0	0.0	0.0	0.5	1.0	0.0	0.8	0.0	1.0	0.33333334	1.0	0.5	1.0	1.0	1.0	1.0	1.0	2.0	1.0	0.5	1.0	2.0	0.0	0.0	1.0	1.0	0.8	0.5	1.0	1.0	0.5	1.0	0.0	0.0	2.0	1.25	1.0	1.0	1.0	1.0	1.0	0.0	1.0	2.0	1.0	0.0	0.5	0.0	1.0	0.5	2.0	2.0	1.0	1.0	1.0	1.0	1.0	0.8	0.0	0.0	0.0	0.0	0.0	1.0	1.0	1.0	1.0
[PD_10]	1.4509523518880207	0.6590421407654836	2.0	0.0	2.0	2.0	2.0	1.0	0.5	2.0	2.0	2.0	1.0	2.0	2.0	2.0	1.5	2.0	0.6666667	2.0	1.0	2.0	1.0	2.0	2.0	1.0	2.0	2.0	1.6666666	1.6666666	2.0	2.0	2.0	2.0	2.0	1.0	1.0	0.5	2.0	1.5	0.5	0.0	1.0	1.6666666	0.5	0.5	2.0	1.0	1.5	2.0	1.5	2.0	2.0	2.0	1.3	1.5	2.0	1.5	2.0	2.0	1.5	1.0	1.3333334	2.0	2.0	2.0	1.5	0.75	2.0	2.0	2.0	1.5	2.0	1.5	2.0	2.0	1.0	2.0	0.5	0.5	1.5	1.6666666	2.0	2.0	2.0	1.0	0.5	0.0	0.5	1.0	0.0	2.0	1.5	1.5	0.33333334	2.0	0.5	2.0	1.5	1.5	2.0	2.0	2.0	2.0	1.2	1.0	2.0	0.0	0.0	2.0	1.1428572	1.0	2.0	2.0	1.5	2.0	1.5	2.0	0.0	2.0	1.25	1.0	1.5	2.0	2.0	2.0	2.0	2.0	0.5	1.5	0.5	1.0	0.0	1.5	2.0	2.0	2.0	1.0	1.5	2.0	1.0	2.0	2.0	1.5	0.0	0.0	0.0	0.0	1.0	2.0	2.0	2.0
[PD_11]	1.3129168524258379	0.6621524824075605	2.0	2.0	2.0	-0.75	1.625	-0.5	1.0	1.6666666	1.5909091	0.5	1.5833334	2.0	1.1111112	1.0	1.7727273	2.0	1.4	0.7777778	0.75	0.8	0.6666667	2.0	1.4137931	2.0	0.4375	1.1	0.6	1.5	2.0	0.78571427	1.4	2.0	0.5	1.3703704	1.75	0.6666667	1.3333334	2.0	2.0	1.6363636	1.5714285	-0.9285714	1.5882353	1.2666667	1.4	2.0	2.0	2.0	1.75	0.6666667	1.9142857	1.5	0.8	1.6666666	0.9166667	1.0	0.8333333	0.8181818	1.0	1.6111112	1.6	0.2	1.3333334	1.1666666	0.5	1.0833334	1.6111112	1.75	1.2	2.0	2.0	-0.5	1.0625	0.85714287	1.25	2.0	1.3	0.0	0.5	0.13636364	0.16666667	1.0416666	1.5	1.5	0.75	2.0	2.0	2.0	1.0	1.8518518	1.8333334	2.0	2.0	0.78571427	1.516129	2.0	1.0	1.6666666	1.7272727	0.64285713	1.2	1.6	1.875	1.0909091	1.3461539	1.75	0.6666667	1.6190476	1.8	1.3125	1.2	1.75	2.0	1.25	1.0	1.6666666	2.0	2.0	1.3333334	-0.45454547	1.6666666	1.5714285	2.0	1.1666666	0.5	1.75	2.0	0.0	1.6	2.0	2.0	2.0	2.0	2.0	2.0	1.3125	0.0	0.71428573
[PD_03]-[PD_08]	0.7534589131673177	0.44564836628278454	1.0	1.0	1.0	1.0	0.6	1.0	0.6	1.0	0.4	0.6666667	1.0	-0.33333334	1.0	1.0	-1.0	1.0	1.0	1.0	1.0	0.0	0.0	0.0	1.0	1.0	1.0	1.0	1.0	-0.5	1.0	1.0	1.0	1.0	1.0	1.0	1.0	1.0	0.0	0.0	1.0	1.0	0.11764706	0.0	1.0	1.0	1.0	1.0	0.0	1.0	1.0	1.0	1.0	1.0	1.0	1.0	1.0	1.0	1.0	0.0	0.0	1.0	0.5	1.0	1.0	1.0	1.0	0.4	1.0	1.0	0.0	1.0	1.0	0.0	1.0	1.0	1.0	1.0	1.0	1.0	0.6666667	0.0	1.0	1.0	1.0	1.0	1.0	1.0	0.14285715	1.0	1.0	1.0	1.0	0.0	1.0	1.0	0.0	0.8333333	1.0	0.6	0.0	1.0	1.0	1.0	1.0	1.0	0.0	0.0	0.0	1.0	1.0	1.0	1.0	1.0	0.2	1.0	1.0	1.0	1.0	1.0	0.0	1.0	1.0	1.0	1.0	-0.25	0.0	1.0	0.0	1.0	1.0	1.0	1.0	1.0	1.0	0.0	1.0	1.0	1.0	1.0	1.0	1.0	1.0	0.0	1.0	1.0	-0.5	1.0	1.0	1.0	0.875	1.0
[PD_02]-[PD_07]	1.924958699544271	0.24495132275976583	2.0	2.0	1.6666666	2.0	2.0	2.0	1.5	1.6666666	2.0	2.0	1.875	2.0	2.0	2.0	2.0	0.6666667	1.6666666	2.0	2.0	2.0	2.0	2.0	2.0	2.0	2.0	2.0	2.0	2.0	2.0	2.0	2.0	2.0	2.0	2.0	2.0	2.0	0.84615386	2.0	2.0	2.0	2.0	2.0	2.0	2.0	1.0	2.0	2.0	2.0	2.0	2.0	2.0	2.0	2.0	2.0	2.0	2.0	2.0	2.0	2.0	2.0	2.0	1.9333333	2.0	2.0	2.0	2.0	2.0	2.0	2.0	2.0	1.5	2.0	1.5	0.85714287	2.0	1.875	2.0	2.0	2.0	2.0	2.0	2.0	2.0	2.0	2.0	2.0	2.0	2.0	2.0	2.0	2.0	2.0	2.0	2.0	0.85714287	2.0	2.0	2.0	2.0	2.0	2.0	2.0	2.0	2.0	2.0	2.0	2.0	2.0	2.0	2.0	2.0	2.0	2.0	2.0	2.0	2.0	2.0	2.0	2.0	2.0	2.0	2.0	2.0	1.5	2.0	2.0	1.5	2.0	2.0	2.0	2.0	2.0	1.0	2.0	2.0	2.0	2.0	2.0	2.0	2.0	2.0	2.0	2.0	2.0	1.3333334	2.0	2.0	2.0	2.0	2.0
[PD_02]-[PD_08]	0.8529028828938802	0.3976187968642404	1.0	1.0	1.0	1.0	1.0	1.0	1.0	1.0	1.0	1.0	1.0	1.0	1.0	0.875	0.0	1.0	1.0	1.0	1.0	1.0	1.0	0.0	1.0	1.0	1.0	1.0	1.0	1.0	1.0	1.0	1.0	1.0	1.0	1.0	1.0	1.0	1.0	-1.1538461	1.0	0.0	1.0	1.0	1.0	0.0	1.0	1.0	1.0	1.0	1.0	1.0	1.0	0.5	1.0	1.0	1.0	1.0	1.0	0.0	1.0	1.0	1.0	1.0	1.0	1.0	1.0	1.0	1.0	1.0	1.0	1.0	1.0	1.0	1.0	-0.14285715	1.0	1.0	1.0	0.0	1.0	1.0	1.0	1.0	1.0	1.0	1.0	1.0	1.0	1.0	1.0	1.0	1.0	1.0	0.0	1.0	-1.1428572	1.0	1.0	1.0	1.0	1.0	1.0	1.0	0.0	1.0	0.0	1.0	0.0	1.0	1.0	1.0	1.0	1.0	1.0	1.0	1.0	1.0	1.0	1.0	0.0	0.0	1.0	1.0	1.0	1.0	1.0	1.0	1.0	1.0	1.0	1.0	1.0	1.0	0.0	1.0	1.0	1.0	1.0	1.0	1.0	1.0	1.0	0.0	1.0	1.0	0.0	0.0	1.0	1.0	1.0	1.0
[PD_01]-[PD_04]	0.9656305313110352	1.1084034238322593	1.3333334	1.3333334	2.0	2.0	0.42857143	-0.44444445	0.0	2.0	-0.75	2.0	-0.6666667	0.5	2.0	-0.3	2.0	0.0	2.0	2.0	2.0	0.5	2.0	2.0	0.75	1.3333334	2.0	2.0	2.0	0.6666667	2.0	-0.6	-1.0	0.0	-0.5714286	2.0	-1.0	1.25
[PD_02]-[PD_06]	1.7856982421875	0.4389631741212077	2.0	2.0	0.0	2.0	2.0	2.0	1.0	1.0	2.0	2.0	2.0	2.0	0.6666667	1.875	2.0	2.0	2.0	2.0	2.0	1.0	2.0	0.5	2.0	2.0	2.0	2.0	2.0	1.5	2.0	2.0	2.0	2.0	2.0	2.0	2.0	2.0	0.84615386	2.0	2.0	2.0	2.0	1.0	2.0	2.0	2.0	2.0	1.0	2.0	2.0	2.0	2.0	1.5	2.0	2.0	2.0	2.0	2.0	2.0	2.0	2.0	1.0	2.0	2.0	2.0	1.8571428	2.0	2.0	2.0	1.5	2.0	1.0	1.0	2.0	2.0	1.75	0.85714287	2.0	2.0	2.0	2.0	2.0	2.0	2.0	1.0	2.0	2.0	2.0	2.0	1.0	2.0	2.0	2.0	2.0	1.5	0.85714287	2.0	2.0	2.0	1.0	1.0	2.0	1.9361702	2.0	2.0	2.0	2.0	1.5714285	1.9333333	2.0	2.0	2.0	1.0	2.0	2.0	2.0	1.0	2.0	2.0	2.0	1.0	2.0	2.0	2.0	2.0	1.0	2.0	0.0	2.0	2.0	2.0	2.0	1.5	2.0	2.0	1.0	1.7045455	2.0	2.0	2.0	2.0	2.0	2.0	2.0	2.0	2.0	1.0	2.0	2.0	2.0	2.0
[PD_02]-[PD_05]	1.952903035481771	0.21482802068732632	2.0	2.0	2.0	2.0	2.0	2.0	2.0	2.0	2.0	2.0	1.0	1.875	2.0	2.0	2.0	2.0	2.0	2.0	2.0	2.0	2.0	2.0	2.0	2.0	2.0	2.0	2.0	2.0	2.0	2.0	2.0	2.0	2.0	2.0	2.0	2.0	2.0	2.0	2.0	2.0	0.84615386	1.0	2.0	2.0	2.0	2.0	2.0	2.0	2.0	2.0	2.0	1.5	2.0	2.0	2.0	2.0	2.0	2.0	2.0	2.0	2.0	2.0	2.0	2.0	2.0	2.0	2.0	2.0	2.0	2.0	2.0	2.0	2.0	2.0	2.0	2.0	0.85714287	2.0	2.0	2.0	2.0	2.0	2.0	2.0	2.0	2.0	2.0	2.0	2.0	2.0	2.0	2.0	2.0	2.0	0.85714287	2.0	2.0	2.0	2.0	2.0	2.0	2.0	2.0	2.0	2.0	2.0	2.0	2.0	2.0	2.0	2.0	2.0	2.0	2.0	2.0	2.0	2.0	2.0	2.0	2.0	2.0	2.0	2.0	2.0	2.0	2.0	2.0	2.0	2.0	2.0	2.0	2.0	2.0	2.0	1.0	2.0	2.0	2.0	2.0	2.0	2.0	2.0	2.0	2.0	2.0	2.0	2.0	2.0	2.0	2.0
[PD_01]-[PD_03]	1.5890468052455358	0.6857125393387915	1.0	0.5	1.6666666	2.0	1.6	0.0	2.0	0.42857143	1.6	0.30769232	1.6666666	2.0	0.5	2.0	2.0	2.0	0.625	2.0	2.0	2.0	2.0	2.0	2.0	1.0	2.0	2.0	0.16666667	1.0	2.0	2.0	1.0	1.5	1.0	2.0	2.0	1.0	0.35714287	2.0	1.5	0.0	2.0	1.0	1.0	2.0	1.3333334	2.0	2.0	2.0	2.0	2.0	2.0	1.6666666	2.0	2.0	2.0	2.0	0.0	2.0	2.0	2.0	2.0	2.0	0.0	2.0	2.0	2.0	2.0	2.0	2.0	2.0	2.0	2.0	2.0	2.0	2.0	2.0	2.0	2.0	2.0	1.0	2.0	0.5	2.0	2.0	2.0	2.0	2.0	2.0	0.75	1.6	2.0	1.0	2.0	1.6666666	1.0	2.0	2.0	2.0	2.0	2.0	1.2	2.0	2.0	2.0	2.0	2.0	2.0	2.0	1.0	2.0	2.0	2.0	1.0	0.14285715	2.0	2.0	0.5	0.2	2.0	1.0	2.0	2.0	2.0	1.6666666	0.36363637	2.0	2.0	2.0	0.5	2.0	2.0	2.0	-1.0	2.0	0.33333334	-1.0	2.0	2.0	1.625	2.0
[PD_03]-[PD_10]	1.349476318359375	0.690411115004668	2.0	0.0	1.0	1.6666666	2.0	1.6	1.0	2.0	2.0	1.6	0.1904762	1.4	-0.6666667	2.0	2.0	0.625	2.0	0.5	1.0	2.0	1.0	2.0	2.0	1.0	2.0	1.75	2.0	0.16666667	1.6666666	1.0	2.0	1.0	2.0	1.5	2.0	1.75	0.0	2.0	0.5	0.6666667	0.5714286	2.0	1.0	2.0	0.5	1.0	1.0	2.0	2.0	1.5	2.0	1.3	1.5	2.0	2.0	2.0	1.5	1.3333334	0.75	2.0	2.0	1.4	1.5	2.0	1.0	2.0	0.5	1.5	1.5	2.0	2.0	2.0	2.0	1.0	2.0	0.5	1.0	2.0	2.0	2.0	1.0	1.5	0.0	0.5	1.0	0.5	0.5	0.0	1.25	2.0	1.5	0.5	2.0	1.5	0.5	1.5	2.0	1.75	1.1111112	1.2	2.0	1.0	2.0	-0.5	2.0	0.0	2.0	2.0	1.1428572	2.0	1.5	1.0	1.0	2.0	0.0	2.0	2.0	2.0	1.0	1.6	2.0	1.25	2.0	2.0	1.0	0.0	0.22222222	0.5	1.0	2.0	1.0	1.5	1.0	2.0	0.5	2.0	2.0	2.0	1.0	1.6666666	2.0	1.5	0.0	2.0	1.5	0.0	1.0	2.0	0.45833334	0.0
[PD_03]-[PD_09]	0.7845276896158854	0.5642517333761977	1.0	0.0	1.0	1.0	1.0	1.0	1.0	1.0	1.0	1.0	1.4	0.0	1.0	2.0	-0.6666667	-0.125	0.5	1.0	1.0	1.0	0.5	0.5	1.0	1.0	1.0	1.0	1.0	-0.2	0.0	1.0	1.0	1.0	1.0	0.0	1.0	0.0	2.0	0.5	1.0	0.5	0.0	0.5	0.5	2.0	1.0	0.5	0.5	1.0	0.5	2.0	1.3	1.5	1.0	1.0	2.0	0.0	0.5	2.0	1.0	0.5	1.4	1.0	0.5	1.0	0.6666667	0.5	0.5	1.0	1.0	0.5	0.6666667	1.0	1.0	0.5	1.0	0.5	1.0	1.0	1.0	1.0	0.0	0.0	1.0	1.0	0.5	0.5	0.0	0.5	0.0	0.6666667	1.0	0.5	1.5	0.0	0.5	1.0	1.0	0.85	0.5	0.5	1.0	2.0	1.0	-0.5	0.0	1.0	2.0	1.0	1.0	0.6666667	1.0	0.5	1.0	0.0	0.5	0.5	0.0	2.0	1.0	1.0	1.0	1.25	2.0	1.0	0.5	0.0	-0.8	0.5	1.0	0.5	1.0	1.0	1.0	0.0	1.0	1.0	2.0	1.0	2.0	0.6666667	1.0	0.0	0.0	1.0	1.0	0.0	1.0	1.0	0.0	-0.0625
[PD_03]-[PD_04]	1.5027125730352886	0.7960596552122322	2.0	2.0	1.3333334	2.0	-0.44444445	1.0	-0.75	2.0	0.0	2.0	1.3333334	0.5	2.0	2.0	2.0	2.0	-0.6666667	2.0	2.0	2.0	2.0	2.0	2.0	0.8	0.0	2.0	2.0	2.0	2.0	1.0	0.5	2.0	2.0	2.0	0.84615386	2.0	2.0	2.0	2.0	1.5833334	1.3333334	2.0	2.0	2.0	2.0	0.6666667	2.0	2.0	2.0	0.0	0.0	1.0	2.0	2.0	2.0	2.0	2.0	1.0	1.625
[PD_03]-[PD_11]	1.1346275838216147	0.7290733886899826	1.0	2.0	-0.5	0.6	2.0	-0.75	1.6315789	1.6	2.0	1.375	0.1904762	0.625	0.0	1.4	0.0	0.4	1.5833334	0.7777778	1.5	1.6	1.4	0.5	1.0	0.0	1.2	1.4848485	2.0	0.4375	1.4	0.875	2.0	2.0	-0.2	1.4117647	0.25	2.0	1.7333333	0.78571427	1.5	1.25	1.0	1.75	0.6666667	1.4545455	1.2105263	0.0	2.0	-0.9285714	1.4	2.0	1.6666666	2.0	1.75	2.0	1.9090909	1.6	0.33333334	0.8	0.68	0.8181818	1.5882353	0.5555556	1.4	0.48076922	1.0	1.4210526	-0.5714286	1.3333334	0.4	0.5	1.5	0.625	0.5	1.425	0.875	1.25	0.5555556	1.0625	2.0	0.0	1.5	0.25	-0.64285713	2.0	0.8181818	0.68	0.125	1.75	0.66	-0.90909094	1.5	0.75	2.0	1.5	2.0	1.0	1.6666666	1.7083334	1.1111112	0.9375	1.516129	1.5294118	2.0	0.0	1.7272727	0.5	2.0	0.62068963	1.6666666	1.5	1.0714285	1.2	0.8	2.0	0.75	0.5714286	1.75	1.6190476	1.3125	1.3333334	1.8	2.0	2.0	1.25	0.5	0.0	2.0	-0.45454547	1.5	1.5714285	1.5	1.5	0.6	1.0	2.0	0.5	0.0	2.0	1.5238096	1.5	1.6666666	2.0	2.0	2.0	1.5	2.0	1.3125	2.0	0.6666667	0.8125
