Perturbation	Average	SD	Data
[PD_01]	0.705999984741211	0.6478882477281448	1.0	1.0	0.0	1.5	1.0	2.0	0.0	0.5	2.0	1.0	0.0	1.0	1.0	1.0	1.0	0.0	1.0	1.0	0.5	1.0	1.5	0.0	1.0	0.0	0.5	0.0	1.0	1.0	0.0	0.5	2.0	0.0	0.5	0.0	0.0	1.8	0.0	1.0	0.0	0.0	1.5	0.0	1.0	0.0	1.0	2.0	0.0	1.0	0.0	0.5
[PD_02]	2.0	0.0	2.0	2.0	2.0	2.0	2.0	2.0	2.0	2.0	2.0	2.0	2.0	2.0	2.0	2.0	2.0	2.0	2.0	2.0	2.0	2.0	2.0	2.0	2.0	2.0	2.0	2.0	2.0	2.0	2.0	2.0	2.0	2.0	2.0	2.0	2.0	2.0	2.0	2.0	2.0	2.0	2.0	2.0	2.0	2.0	2.0	2.0	2.0	2.0	2.0	2.0
[PD_03]	0.0	0.0
[PD_05]	1.71	0.7429258210011306	2.0	2.0	2.0	2.0	1.0	2.0	2.0	2.0	2.0	2.0	2.0	2.0	2.0	2.0	0.0	2.0	2.0	2.0	2.0	2.0	2.0	2.0	2.0	2.0	1.0	2.0	2.0	2.0	0.0	2.0	2.0	0.5	2.0	2.0	2.0	2.0	2.0	1.0	2.0	2.0	2.0	-1.0	2.0	2.0	2.0	-1.0	2.0	2.0	2.0	2.0
[PD_06]	1.0	0.0	1.0	1.0	1.0	1.0	1.0	1.0	1.0	1.0	1.0	1.0	1.0	1.0	1.0	1.0	1.0	1.0	1.0	1.0	1.0	1.0	1.0	1.0	1.0	1.0	1.0	1.0	1.0	1.0	1.0	1.0	1.0	1.0	1.0	1.0	1.0	1.0	1.0	1.0	1.0	1.0	1.0	1.0	1.0	1.0	1.0	1.0	1.0	1.0	1.0	1.0
[PD_07]	1.8266667175292968	0.438974272478787	2.0	2.0	2.0	2.0	1.0	2.0	2.0	2.0	2.0	2.0	2.0	2.0	2.0	1.0	2.0	2.0	2.0	2.0	2.0	2.0	2.0	2.0	2.0	1.5	2.0	2.0	1.0	2.0	2.0	2.0	1.0	2.0	2.0	2.0	2.0	2.0	2.0	1.3333334	2.0	2.0	2.0	0.5	2.0	2.0	2.0	2.0	0.0	2.0	2.0	2.0
[PD_08]	1.7192112731933593	0.41625032229434306	1.9375	1.7575758	1.5	2.0	1.8787879	1.5454545	1.054054	1.6764706	2.0	2.0	2.0	1.7333333	0.46774194	0.84615386	1.7647059	2.0	1.9090909	1.967742	2.0	2.0	0.68421054	2.0	1.875	1.6875	2.0	1.4117647	2.0	2.0	1.4864864	2.0	1.8529412	2.0	1.375	1.1025641	0.3	1.7297298	2.0	1.875	2.0	2.0	1.6756756	2.0	1.9375	1.8787879	2.0	1.6470588	2.0	2.0	1.6451613	1.7575758
[PD_09]	1.7720353698730469	0.3047412801216001	1.9375	1.7575758	1.6764706	1.5	1.8787879	1.5454545	1.4	2.0	1.7333333	0.86	2.0	2.0	2.0	1.7647059	1.3076923	2.0	1.9090909	2.0	1.967742	2.0	1.0425532	2.0	1.875	2.0	1.4117647	2.0	1.6875	2.0	2.0	2.0	1.4864864	1.8529412	1.625	1.4	0.7368421	1.8285714	2.0	1.875	2.0	2.0	1.6756756	2.0	1.9375	2.0	1.8787879	2.0	1.6470588	2.0	1.6451613	1.7575758
[PD_10]	2.0	0.0	2.0	2.0	2.0	2.0	2.0	2.0	2.0	2.0	2.0	2.0	2.0	2.0	2.0	2.0	2.0	2.0	2.0	2.0	2.0	2.0	2.0	2.0	2.0	2.0	2.0	2.0	2.0	2.0	2.0	2.0	2.0	2.0	2.0	2.0	2.0	2.0	2.0	2.0	2.0	2.0	2.0	2.0	2.0	2.0	2.0	2.0	2.0	2.0	2.0	2.0
[PD_11]	1.7192112731933593	0.41625032229434306	1.8787879	1.7575758	1.9375	1.5454545	1.5	1.6764706	1.054054	2.0	2.0	1.7333333	1.7647059	2.0	2.0	1.9090909	0.46774194	2.0	0.84615386	2.0	2.0	1.967742	0.68421054	2.0	1.4117647	2.0	1.875	1.6875	2.0	2.0	1.4864864	2.0	2.0	1.8529412	1.1025641	1.375	1.7297298	0.3	1.875	2.0	2.0	2.0	1.6756756	2.0	1.9375	2.0	2.0	2.0	1.8787879	1.6470588	1.6451613	1.7575758
[PD_12]	2.0	0.0	2.0	2.0	2.0	2.0	2.0	2.0	2.0	2.0	2.0	2.0	2.0	2.0	2.0	2.0	2.0	2.0	2.0	2.0	2.0	2.0	2.0	2.0	2.0	2.0	2.0	2.0	2.0	2.0	2.0	2.0	2.0	2.0	2.0	2.0	2.0	2.0	2.0	2.0	2.0	2.0	2.0	2.0	2.0	2.0	2.0	2.0	2.0	2.0	2.0	2.0
[PD_01]-[PD_03]	0.0	0.0
[PD_07]-[PD_08]	1.0604645538330078	1.0528340046309517	1.5	1.5	-1.0	-1.5	0.6	2.0	2.0	2.0	-1.0	0.6	2.0	0.45454547	0.6666667	1.4	2.0	0.0	0.1	2.0	2.0	1.6666666	0.33333334	-1.2727273	2.0	1.0	2.0	2.0	2.0	2.0	-0.33333334	-0.11111111	2.0	1.0	1.6	1.3333334	-0.36363637	1.0	2.0	0.72727275	2.0	2.0	0.7222222	2.0	1.5	2.0	2.0	2.0	1.3	0.0	-1.0	0.6
[PD_01]-[PD_07]	0.5679999923706055	0.6563127940664506	1.0	0.5	0.0	0.0	1.0	2.0	1.5	0.5	0.0	1.0	0.5	1.0	1.0	1.0	0.0	0.5	1.0	1.0	1.0	0.0	0.0	1.5	0.0	0.0	1.0	0.0	0.0	1.4	1.0	0.0	0.33333334	0.0	0.0	0.5	0.0	0.0	1.6666666	0.5	1.0	0.0	1.5	-0.6666667	0.0	0.6666667	2.0	1.0	0.0	-1.0	0.5	1.0
[PD_05]-[PD_12]	1.71	0.7429258210011307	2.0	2.0	2.0	2.0	2.0	2.0	2.0	2.0	1.0	0.0	2.0	2.0	2.0	2.0	2.0	2.0	2.0	2.0	2.0	2.0	2.0	2.0	2.0	1.0	2.0	0.5	2.0	2.0	2.0	2.0	2.0	2.0	0.0	2.0	1.0	2.0	2.0	2.0	2.0	2.0	2.0	-1.0	2.0	2.0	2.0	2.0	2.0	-1.0	2.0	2.0
[PD_03]-[PD_06]	0.0	0.0
[PD_07]-[PD_10]	1.71	0.7429258210011307	2.0	2.0	2.0	2.0	2.0	2.0	2.0	1.0	2.0	2.0	0.0	2.0	2.0	2.0	2.0	2.0	2.0	2.0	2.0	2.0	2.0	2.0	2.0	1.0	2.0	2.0	0.5	2.0	2.0	2.0	2.0	2.0	2.0	0.0	1.0	2.0	2.0	2.0	2.0	2.0	2.0	-1.0	2.0	2.0	2.0	2.0	2.0	-1.0	2.0	2.0
[PD_03]-[PD_07]	0.0	0.0
[PD_07]-[PD_12]	1.71	0.7429258210011307	2.0	2.0	2.0	2.0	2.0	2.0	1.0	2.0	2.0	2.0	0.0	2.0	2.0	2.0	2.0	2.0	2.0	2.0	2.0	2.0	2.0	2.0	2.0	1.0	2.0	2.0	0.5	2.0	2.0	2.0	2.0	2.0	2.0	0.0	1.0	2.0	2.0	2.0	2.0	2.0	2.0	-1.0	2.0	2.0	2.0	2.0	2.0	2.0	2.0	-1.0
[PD_03]-[PD_05]	0.0	0.0
[PD_01]-[PD_08]	0.5949847030639649	0.6538226580870145	-0.25	0.90909094	0.4375	-0.15151516	1.9354838	0.85294116	0.2244898	1.0	0.9375	0.90909094	2.0	1.0	1.0	-0.030303031	1.0	1.0	0.8	0.27419356	0.2631579	-0.032258064	-0.23529412	0.0	0.63265306	1.0	0.0	0.0	2.0	0.0	1.0	-0.15151516	0.46969697	0.8125	0.0	0.5	0.0	1.0	-0.19354838	2.0	0.43661973	0.0	1.3442622	0.0	0.0	-0.060606062	0.9411765	2.0	0.3898305	1.0	0.90909094	-0.125
[PD_06]-[PD_07]	0.8666667175292969	0.35793562813202234	1.0	1.0	1.0	1.0	1.0	1.0	0.0	1.0	0.5	1.0	1.0	1.0	1.0	1.0	1.0	1.0	1.0	1.0	1.0	1.0	1.0	1.0	1.0	1.0	1.0	1.0	0.33333334	1.0	1.0	1.0	1.0	1.0	1.0	0.0	0.33333334	1.0	1.0	1.0	1.0	1.0	1.0	-0.5	1.0	1.0	1.0	1.0	1.0	1.0	1.0	-0.33333334
[PD_03]-[PD_09]	1.3223553466796876	0.788517200057594	0.0	0.33333334	1.75	1.5555556	0.6	2.0	0.9	2.0	1.2	2.0	2.0	1.1111112	2.0	2.0	1.6666666	2.0	0.6666667	0.1	-1.0	1.8571428	2.0	0.0	2.0	0.33333334	2.0	1.5	2.0	1.5	1.6	0.53846157	1.0	2.0	2.0	0.75	1.5	-0.6666667	2.0	2.0	0.6	2.0	1.0769231	2.0	1.5555556	2.0	2.0	1.75	2.0	0.42857143	1.1111112	0.8
[PD_03]-[PD_08]	1.3223553466796876	0.788517200057594	0.0	1.5555556	1.75	0.33333334	0.6	2.0	0.9	1.2	2.0	2.0	2.0	2.0	1.1111112	2.0	1.6666666	0.6666667	2.0	0.1	-1.0	1.8571428	2.0	0.0	2.0	2.0	0.33333334	1.5	1.6	1.5	0.53846157	2.0	1.0	2.0	2.0	0.75	-0.6666667	1.5	2.0	2.0	0.6	2.0	2.0	1.5555556	2.0	2.0	1.75	1.0769231	2.0	0.42857143	1.1111112	0.8
[PD_05]-[PD_07]	1.71	0.7429258210011307	2.0	2.0	2.0	2.0	2.0	2.0	0.0	2.0	1.0	2.0	2.0	2.0	2.0	2.0	2.0	2.0	2.0	2.0	2.0	2.0	2.0	2.0	1.0	2.0	2.0	2.0	2.0	2.0	2.0	0.5	2.0	2.0	2.0	0.0	2.0	1.0	2.0	2.0	2.0	2.0	-1.0	2.0	2.0	2.0	2.0	2.0	2.0	2.0	2.0	-1.0
[PD_01]-[PD_02]	0.705999984741211	0.6478882477281447	0.0	1.0	0.5	0.0	1.5	2.0	1.0	1.0	1.0	1.0	2.0	1.0	1.0	0.0	1.0	1.0	0.5	1.0	1.0	0.0	0.0	1.0	1.5	0.0	0.0	0.0	0.0	0.5	0.0	0.0	2.0	1.0	1.0	0.5	0.0	0.0	1.0	1.8	0.5	0.0	0.0	0.0	0.0	2.0	1.0	1.5	1.0	0.5	1.0	0.0
[PD_03]-[PD_10]	0.0	0.0
[PD_08]-[PD_10]	1.6056404113769531	0.5133953644899557	1.1111112	0.8095238	1.4705882	1.875	1.7647059	2.0	1.5555556	2.0	2.0	1.5	2.0	2.0	1.8235294	2.0	1.6470588	1.5	0.5	2.0	0.19444445	1.9333333	2.0	2.0	0.5483871	2.0	1.2222222	1.75	1.7222222	1.4210526	1.5238096	0.75	2.0	2.0	1.4444444	2.0	1.75	0.0	2.0	2.0	0.9130435	2.0	2.0	1.7647059	2.0	1.875	2.0	2.0	1.5789474	1.3529412	1.6470588	1.3333334
[PD_06]-[PD_08]	0.7741769409179687	0.3661761498168733	0.625	0.7297297	0.6969697	1.0	0.90909094	1.0	0.88235295	1.0	1.0	0.7352941	1.0	1.0	0.93939394	1.0	0.7878788	0.8	-0.03846154	-0.37096775	1.0	0.9677419	1.0	1.0	1.0	-0.22807017	0.5882353	0.93939394	0.875	0.7297297	0.7297297	0.375	1.0	1.0	0.75	-0.55	1.0	0.8125	1.0	1.0	0.17948718	1.0	1.0	0.90909094	1.0	0.9375	1.0	1.0	0.7027027	0.7419355	0.7647059	0.7878788
[PD_05]-[PD_08]	-0.1655735969543457	0.8234402377059832	-1.5	-1.0	0.33333334	1.1666666	0.14285715	-0.27272728	1.0	-1.0	0.25	0.14285715	0.5	-0.625	1.0	0.85714287	0.0	0.33333334	-1.0	-0.16666667	1.5	-0.14285715	-0.75	-1.0	-1.25	0.2	-1.4285715	-0.5714286	1.0	-0.5	-0.2	1.3333334	-1.6666666	-0.33333334	0.2	-0.5	-0.5714286	0.2	0.0	0.0	0.5714286	-1.2857143	-1.25	0.5714286	0.8333333	-1.5	-0.33333334	0.5	-0.2	-1.0	-1.2	0.33333334
[PD_08]-[PD_11]	1.7192111206054688	0.4162503222943951	1.5	1.5454545	1.8787879	1.9375	1.054054	1.7647059	2.0	2.0	2.0	1.6764706	2.0	1.9090909	2.0	1.7575758	2.0	1.7333333	0.84615386	0.46774194	2.0	1.967742	2.0	2.0	2.0	0.68421054	1.8529412	1.4117647	1.875	1.375	1.4864864	1.7297298	2.0	1.6875	2.0	0.3	2.0	2.0	1.875	2.0	1.1025641	2.0	2.0	1.9375	1.8787879	2.0	1.6756756	2.0	2.0	1.6451613	1.6470588	1.7575758
