Perturbation	Average	SD	Data
[PD_01]	1.6014860921831273	0.6881979295474494	2.0	2.0	0.9230769	2.0	2.0	2.0	-0.5	2.0	2.0	2.0	1.6	1.6428572	2.0	0.0	2.0	1.0	2.0	2.0	2.0	2.0	2.0	1.0	2.0	2.0	2.0	0.75	2.0	2.0	2.0	2.0	2.0	2.0	2.0	2.0	2.0	2.0	0.75	0.0	1.0	2.0	1.7058823	0.6666667	2.0	1.4	2.0	2.0	2.0	1.5	1.5	0.0	1.1666666	2.0	1.0	2.0	-1.0	1.5	1.5	0.5	2.0	2.0	2.0	2.0	2.0	0.0	2.0	2.0	2.0	1.0	2.0	-0.3125	2.0	2.0	0.5	2.0	0.625	1.25	2.0	2.0	2.0	2.0	2.0	1.0	2.0	2.0	2.0	1.0	2.0	2.0	2.0	1.5	0.42857143	2.0	1.0	2.0	2.0	2.0	1.0	2.0	1.0	2.0	0.47058824	2.0	1.5	2.0	2.0	1.5	2.0	2.0	2.0	2.0	-1.5	1.0	2.0	0.88235295	2.0	1.4	2.0	2.0	2.0	1.0	2.0	2.0	1.25	2.0	2.0	1.5	2.0	2.0	2.0	2.0	2.0	2.0	2.0	2.0
[PD_02]	1.9539642333984375	0.19084722655079187	2.0	2.0	2.0	2.0	2.0	2.0	2.0	1.8	2.0	2.0	2.0	1.6666666	2.0	2.0	2.0	2.0	2.0	2.0	2.0	2.0	2.0	2.0	2.0	2.0	2.0	1.0	2.0	2.0	2.0	2.0	2.0	2.0	2.0	2.0	2.0	2.0	2.0	2.0	2.0	2.0	2.0	2.0	2.0	2.0	2.0	1.8571428	2.0	2.0	2.0	2.0	2.0	2.0	2.0	2.0	2.0	2.0	2.0	2.0	2.0	1.0	2.0	2.0	2.0	2.0	2.0	2.0	2.0	2.0	2.0	1.3333334	2.0	2.0	2.0	2.0	2.0	2.0	2.0	2.0	2.0	2.0	2.0	2.0	2.0	1.0	2.0	2.0	2.0	2.0	2.0	2.0	1.0	2.0	2.0	2.0	2.0	2.0	2.0	2.0	2.0	2.0	2.0	2.0	2.0	2.0	2.0	2.0	2.0	2.0	2.0	2.0	2.0	2.0	2.0	2.0	2.0	2.0	2.0	2.0	2.0	1.75	2.0	2.0	2.0	2.0	2.0	1.0	2.0	2.0	2.0	2.0	1.75	2.0	2.0	2.0	2.0	2.0	2.0	1.9375	2.0	2.0	2.0	2.0	2.0	2.0	2.0	2.0	2.0	2.0	2.0	2.0
[PD_03]	1.8986637868037841	0.3682003700936933	2.0	2.0	2.0	2.0	2.0	2.0	2.0	2.0	2.0	2.0	2.0	2.0	2.0	2.0	2.0	2.0	2.0	2.0	2.0	2.0	2.0	2.0	2.0	2.0	2.0	2.0	2.0	2.0	2.0	2.0	2.0	2.0	2.0	2.0	2.0	2.0	2.0	1.75	2.0	2.0	2.0	2.0	2.0	0.6666667	2.0	2.0	2.0	2.0	2.0	2.0	2.0	1.1666666	2.0	2.0	2.0	2.0	-0.33333334	2.0	2.0	2.0	2.0	2.0	2.0	1.6666666	2.0	2.0	2.0	2.0	2.0	2.0	2.0	2.0	1.0	2.0	2.0	2.0	2.0	0.625	2.0	2.0	2.0	2.0	2.0	2.0	2.0	2.0	2.0	2.0	2.0	0.8	2.0	2.0	2.0	2.0	2.0	2.0	2.0	2.0	2.0	2.0	2.0	2.0	1.4285715	2.0	2.0	1.0	2.0	2.0	2.0	2.0	2.0	2.0	1.6666666	2.0	2.0	2.0	2.0	2.0	-0.33333334	2.0	2.0	1.0	2.0	2.0	2.0	2.0	2.0	2.0	2.0	2.0	2.0	2.0	2.0	2.0	2.0	2.0	2.0	2.0	2.0	1.0	2.0	2.0	2.0	2.0	2.0	2.0	2.0
[PD_04]	2.0	0.0	2.0	2.0	2.0	2.0	2.0	2.0	2.0	2.0	2.0	2.0	2.0	2.0	2.0	2.0	2.0	2.0	2.0	2.0	2.0	2.0	2.0	2.0	2.0	2.0	2.0	2.0	2.0	2.0	2.0	2.0	2.0	2.0	2.0
[PD_05]	1.9936507161458332	0.04869874144937369	2.0	2.0	2.0	2.0	2.0	2.0	2.0	2.0	2.0	2.0	2.0	2.0	2.0	2.0	2.0	2.0	2.0	2.0	2.0	2.0	2.0	2.0	2.0	2.0	2.0	2.0	2.0	2.0	2.0	2.0	2.0	2.0	2.0	2.0	2.0	2.0	2.0	2.0	2.0	2.0	2.0	2.0	2.0	2.0	2.0	2.0	2.0	2.0	2.0	2.0	2.0	2.0	2.0	2.0	2.0	2.0	2.0	2.0	2.0	2.0	2.0	2.0	2.0	2.0	2.0	2.0	2.0	2.0	2.0	1.7142857	2.0	2.0	2.0	2.0	2.0	2.0	2.0	2.0	2.0	2.0	2.0	2.0	2.0	2.0	2.0	2.0	2.0	2.0	2.0	2.0	1.5	1.8333334	2.0	2.0	2.0	2.0	2.0	2.0	2.0	2.0	2.0	2.0	2.0	2.0	2.0	2.0	2.0	2.0	2.0	2.0	2.0	2.0	2.0	2.0	2.0	2.0	2.0	2.0	2.0	2.0	2.0	2.0	2.0	2.0	2.0	2.0	2.0	2.0	2.0	2.0	2.0	2.0	2.0	2.0	2.0	2.0	2.0	2.0	2.0	2.0	2.0	2.0	2.0	2.0	2.0	2.0	2.0	2.0	2.0	2.0
[PD_06]	1.79827392578125	0.47149391624194464	2.0	1.0	2.0	2.0	2.0	2.0	2.0	2.0	1.8	1.0	1.85	2.0	0.0	1.6666666	1.0	2.0	2.0	2.0	2.0	2.0	2.0	2.0	2.0	2.0	2.0	1.0	2.0	2.0	2.0	1.5	2.0	2.0	2.0	1.0	2.0	2.0	2.0	2.0	2.0	2.0	2.0	1.5	1.9285715	2.0	2.0	2.0	1.5	2.0	2.0	2.0	2.0	2.0	2.0	2.0	2.0	2.0	2.0	2.0	1.0	2.0	2.0	1.5	2.0	0.0	2.0	2.0	2.0	2.0	2.0	1.3333334	2.0	1.75	2.0	2.0	2.0	2.0	2.0	2.0	2.0	2.0	2.0	2.0	2.0	2.0	1.0	2.0	2.0	2.0	2.0	2.0	2.0	1.0	2.0	1.75	2.0	1.0	2.0	2.0	2.0	2.0	2.0	2.0	2.0	1.5	2.0	0.0	2.0	2.0	0.0	2.0	1.0	2.0	2.0	2.0	2.0	0.0	2.0	2.0	2.0	1.75	2.0	2.0	2.0	1.85	2.0	1.0	2.0	1.0	2.0	2.0	1.625	2.0	2.0	2.0	2.0	2.0	2.0	2.0	1.9375	2.0	2.0	2.0	0.0	2.0	1.0	2.0	2.0	2.0	2.0	2.0
[PD_07]	1.925	0.2292365652944792	2.0	1.5	2.0	2.0	2.0	2.0	2.0	2.0	2.0	2.0	2.0	2.0	2.0	1.5	2.0	2.0	2.0	2.0	2.0	2.0	2.0	2.0	2.0	2.0	2.0	1.1666666	2.0	2.0	2.0	2.0	2.0	2.0	2.0	2.0	2.0	1.5	2.0	2.0	2.0	2.0	2.0	1.5	1.5	2.0	2.0	2.0	1.5	2.0	2.0	2.0	2.0	2.0	2.0	2.0	2.0	2.0	2.0	2.0	2.0	2.0	2.0	1.5	2.0	1.3333334	2.0	2.0	2.0	2.0	2.0	2.0	2.0	2.0	2.0	2.0	2.0	2.0	2.0	2.0	2.0	2.0	2.0	2.0	2.0	1.0	2.0	2.0	2.0	2.0	2.0	2.0	2.0	2.0	2.0	1.75	2.0	1.5	2.0	2.0	2.0	2.0	2.0	2.0	2.0	2.0	2.0	1.0	2.0	0.6666667	2.0	2.0	2.0	2.0	2.0	2.0	2.0	1.3333334	2.0	2.0	2.0	2.0	2.0	2.0	2.0	2.0	2.0	2.0	2.0	1.5	2.0	2.0	2.0	2.0	2.0	2.0	2.0	2.0	2.0	2.0	2.0	2.0	2.0	2.0	1.0	2.0	2.0	2.0	2.0	2.0	2.0	2.0
[PD_08]	0.8444444274902344	0.3548254059643736	1.0	1.0	1.0	1.0	1.0	0.0	0.0	1.0	1.0	0.0	1.0	1.0	1.0	1.0	1.0	1.0	0.0	1.0	1.0	1.0	1.0	0.0	1.0	1.0	0.0	1.0	1.0	1.0	1.0	1.0	1.0	1.0	1.0	1.0	1.0	1.0	0.0	1.0	1.0	1.0	1.0	1.0	1.0	1.0	1.0	1.0	1.0	1.0	1.0	0.0	1.0	1.0	1.0	1.0	1.0	1.0	0.0	0.0	0.33333334	1.0	1.0	1.0	1.0	1.0	1.0	0.0	0.0	0.0	1.0	1.0	1.0	1.0	1.0	1.0	1.0	1.0	1.0	1.0	0.0	1.0	1.0	1.0	1.0	1.0	1.0	1.0	1.0	1.0	0.0	0.5	1.0	1.0	1.0	1.0	1.0	1.0	1.0	1.0	1.0	1.0	1.0	1.0	1.0	1.0	1.0	1.0	1.0	1.0	1.0	1.0	0.0	1.0	0.5	1.0	1.0	1.0	1.0	1.0	1.0	1.0	1.0	0.0	1.0	1.0	1.0	0.33333334	1.0	0.0	1.0	1.0	1.0	1.0	1.0	0.0	1.0	1.0	1.0	1.0	1.0	0.0	0.0	1.0	1.0	1.0	1.0	1.0	1.0	1.0	1.0	1.0
[PD_09]	0.8843771362304688	0.5698699283596538	0.0	2.0	0.5	2.0	0.5	1.0	1.0	1.0	0.5	2.0	1.0	1.0	2.0	1.0	1.5	1.0	1.5	0.5	1.0	0.5	1.0	1.0	0.5	1.0	0.0	0.75	2.0	1.0	0.6666667	0.5	1.0	1.3333334	1.0	2.0	1.5	1.5	1.0	0.0	1.0	0.5	0.5	1.0	1.0	1.5	1.0	0.0	1.0	1.0	1.0	1.0	1.0	1.0	1.0	0.5	0.0	0.5	0.5	0.0	0.0	2.0	1.5	1.0	0.0	1.0	0.0	1.0	0.0	0.5	0.5	0.0	2.0	1.0	0.5	0.5	1.0	1.0	1.0	0.0	1.5	2.0	1.5	1.0	2.0	0.5	1.0	1.0	0.0	0.5	1.0	1.0	0.0	1.5	1.0	1.0	1.5	0.5	2.0	1.0	2.0	0.5	1.0	2.0	0.0	1.0	0.0	0.0	1.0	1.0	1.0	0.5	1.0	1.0	0.0	0.5	0.6666667	0.0	1.0	1.0	0.0	0.75	0.5	0.5	0.5	0.875	1.0	0.0	0.5	1.0	1.0	2.0	1.0	1.0	0.5	1.0	2.0	0.0	1.0	1.3333334	0.6315789	0.5	1.0	0.5	1.0	0.5	2.0	0.75	0.4	0.5	1.0	2.0
[PD_10]	1.4084268188476563	0.6343063856736191	1.0	2.0	0.5	1.0	2.0	2.0	1.2	1.0	1.5	2.0	1.0	2.0	1.5	2.0	1.5	1.0	1.75	1.6	1.0	2.0	2.0	1.0	0.5	2.0	2.0	2.0	2.0	1.0	1.2142857	0.5	1.0	2.0	2.0	2.0	1.6	1.5	0.0	2.0	1.0	2.0	0.6666667	1.5	1.5	2.0	1.6	0.0	1.0	2.0	2.0	1.0	2.0	1.0	1.0	0.5	2.0	2.0	0.0	2.0	2.0	2.0	2.0	1.0	0.0	1.6	2.0	2.0	2.0	0.5	0.5	1.0	2.0	2.0	0.5	1.6666666	2.0	1.3333334	1.0	0.33333334	1.5	2.0	1.6666666	2.0	2.0	2.0	0.5	2.0	1.0	1.5	1.0	2.0	0.0	1.6666666	1.0	1.5	1.6	0.5	2.0	1.0	2.0	1.6666666	1.0	2.0	0.0	1.0	0.0	0.6666667	1.5	2.0	2.0	0.5	1.5	1.0	0.0	1.0	2.0	0.6666667	2.0	1.5	0.0	2.0	1.0	2.0	0.5	0.875	1.3333334	2.0	2.0	1.5	2.0	2.0	2.0	1.5	1.0	1.0	2.0	1.0	2.0	0.6315789	2.0	2.0	2.0	0.5	2.0	2.0	2.0	0.75	2.0	1.1764706	2.0	2.0
[PD_11]	1.2921522490832271	0.7679747317936942	0.25	1.4	1.1	1.0	2.0	-0.2	1.6	1.8125	1.3333334	1.7647059	1.2857143	1.1363636	1.7142857	2.0	2.0	2.0	2.0	2.0	0.0	1.125	2.0	0.9166667	0.6923077	2.0	0.6666667	1.625	0.3181818	2.0	1.6842105	1.625	1.0	-0.5	2.0	1.4444444	2.0	1.0833334	1.0	1.3333334	1.875	1.3333334	0.5	2.0	1.0909091	2.0	1.8571428	1.9375	2.0	2.0	1.3333334	-0.2	1.8333334	0.25	2.0	2.0	1.5555556	0.125	2.0	1.2941177	1.0909091	2.0	2.0	1.3333334	2.0	2.0	2.0	1.7647059	1.4285715	0.65	1.4	0.84210527	1.75	2.0	2.0	0.41666666	1.0833334	1.3333334	2.0	-0.25	0.33333334	2.0	2.0	1.0	2.0	-1.0	1.75	1.25	1.0	1.125	1.3333334	-0.125	0.0	1.4285715	1.0	0.8125	2.0	-0.6	2.0	1.6	2.0	1.0	-0.6666667	2.0	0.625	0.6363636	2.0	2.0	2.0	2.0	2.0	-0.14285715	0.0	0.3125	2.0	2.0	2.0	-0.3888889	1.625	0.5	1.5909091	0.375	2.0	-1.0	1.3333334	1.7647059	1.875	1.2424242	2.0	2.0	0.9285714	2.0	1.1578947	-0.2	2.0	1.0	1.0	2.0	0.4878049	1.425	2.0	1.8333334	0.85714287	0.9166667	0.75	0.8333333	2.0	1.7777778	1.75
[PD_03]-[PD_08]	0.7716796252192283	0.43782676735831383	1.0	1.0	1.0	1.0	1.0	0.0	1.0	1.0	1.0	1.0	1.0	0.0	0.0	0.0	1.0	1.0	1.0	1.0	1.0	1.0	1.0	1.0	1.0	0.0	1.0	1.0	1.0	1.0	1.0	1.0	1.0	1.0	1.0	1.0	0.0	1.0	1.0	1.0	1.0	0.0	1.0	1.0	1.0	1.0	0.75	1.0	1.0	1.0	0.0	1.0	0.33333334	1.0	1.0	0.0	-1.0	0.33333334	1.0	1.0	1.0	1.0	1.0	0.6666667	0.0	0.0	1.0	0.0	1.0	1.0	1.0	1.0	1.0	1.0	0.0	1.0	1.0	0.0	1.0	0.125	1.0	1.0	1.0	1.0	1.0	1.0	1.0	1.0	0.0	0.5	1.0	-0.2	1.0	1.0	1.0	1.0	1.0	1.0	1.0	1.0	1.0	1.0	1.0	1.0	0.42857143	1.0	0.0	1.0	0.0	1.0	0.5	1.0	1.0	1.0	0.6666667	1.0	1.0	1.0	1.0	1.0	-1.0	1.0	0.0	1.0	0.33333334	1.0	1.0	0.0	1.0	1.0	1.0	0.0	1.0	1.0	1.0	1.0	1.0	1.0	0.0	0.0	1.0	0.0	1.0	1.0	1.0	1.0	1.0	1.0	1.0
[PD_02]-[PD_07]	1.9003133138020833	0.26037142609430913	1.5	2.0	2.0	2.0	2.0	2.0	2.0	1.8	2.0	2.0	1.5	2.0	1.6666666	2.0	2.0	2.0	2.0	2.0	2.0	2.0	2.0	2.0	2.0	2.0	2.0	0.6666667	2.0	2.0	2.0	2.0	2.0	2.0	2.0	2.0	2.0	1.5	2.0	2.0	2.0	2.0	2.0	2.0	1.5	2.0	1.5	2.0	1.5	2.0	2.0	2.0	2.0	2.0	2.0	2.0	2.0	2.0	1.5714285	2.0	2.0	2.0	1.5	2.0	2.0	1.3333334	2.0	2.0	2.0	2.0	2.0	1.5	2.0	2.0	2.0	2.0	2.0	2.0	2.0	2.0	2.0	2.0	2.0	2.0	2.0	1.0	2.0	2.0	2.0	2.0	2.0	2.0	2.0	1.0	2.0	1.75	2.0	1.5	2.0	2.0	2.0	2.0	2.0	2.0	2.0	2.0	2.0	1.0	2.0	0.6666667	2.0	2.0	2.0	2.0	2.0	2.0	2.0	1.3333334	2.0	2.0	2.0	2.0	2.0	2.0	2.0	2.0	2.0	1.5714285	1.5	2.0	2.0	2.0	1.75	2.0	2.0	2.0	2.0	2.0	2.0	1.9375	2.0	2.0	2.0	2.0	1.0	2.0	2.0	2.0	2.0	2.0	2.0	2.0
[PD_02]-[PD_08]	0.8576944986979167	0.33541739981728347	1.0	1.0	1.0	1.0	1.0	1.0	0.8	1.0	1.0	1.0	0.0	0.0	1.0	0.6666667	0.0	1.0	1.0	1.0	1.0	1.0	1.0	1.0	1.0	1.0	0.0	1.0	0.5	1.0	1.0	1.0	1.0	1.0	1.0	1.0	0.0	1.0	1.0	1.0	1.0	1.0	1.0	1.0	1.0	1.0	0.0	1.0	1.0	1.0	1.0	0.0	1.0	1.0	1.0	1.0	1.0	0.0	0.33333334	1.0	1.0	1.0	1.0	1.0	1.0	0.0	1.0	1.0	1.0	0.0	1.0	0.33333334	1.0	1.0	1.0	1.0	1.0	1.0	1.0	1.0	0.0	1.0	1.0	1.0	1.0	1.0	0.0	1.0	1.0	1.0	1.0	1.0	1.0	0.0	1.0	1.0	1.0	1.0	1.0	1.0	1.0	1.0	1.0	1.0	1.0	1.0	1.0	1.0	1.0	1.0	1.0	1.0	0.0	1.0	1.0	1.0	1.0	1.0	1.0	1.0	1.0	0.75	1.0	0.0	1.0	1.0	1.0	0.33333334	1.0	1.0	0.0	1.0	0.0	1.0	0.0	1.0	1.0	1.0	1.0	0.9375	1.0	1.0	1.0	1.0	1.0	1.0	1.0	1.0	1.0	1.0	1.0	1.0
[PD_01]-[PD_04]	0.42695132168856537	1.125487371368661	0.44444445	2.0	-0.5	1.1666666	1.0	0.0	-0.5	-2.0	1.4444444	0.5	2.0	-0.5	-0.5	-1.5	0.0	1.0	-1.1	0.5	-0.75	0.5	2.0	0.0	-0.33333334	1.5	0.44444445	1.0	-1.5	0.27272728	2.0	1.0	0.5	2.0	2.0
[PD_02]-[PD_06]	1.7936309814453124	0.47567784462594676	1.0	2.0	2.0	2.0	2.0	2.0	2.0	2.0	1.8	1.0	1.0	2.0	1.85	2.0	1.6666666	0.0	2.0	2.0	2.0	2.0	2.0	2.0	2.0	2.0	2.0	2.0	1.0	2.0	2.0	1.5	2.0	2.0	2.0	1.0	2.0	2.0	2.0	2.0	2.0	2.0	2.0	2.0	2.0	1.5	1.8571428	1.5	2.0	2.0	2.0	2.0	2.0	2.0	2.0	2.0	2.0	2.0	1.0	2.0	2.0	2.0	2.0	1.5	2.0	2.0	2.0	0.0	2.0	2.0	2.0	1.3333334	1.75	2.0	2.0	2.0	2.0	2.0	2.0	2.0	2.0	2.0	2.0	2.0	2.0	1.0	2.0	2.0	2.0	2.0	2.0	2.0	2.0	1.0	2.0	1.75	1.0	2.0	2.0	2.0	2.0	2.0	2.0	2.0	2.0	2.0	1.0	0.0	2.0	0.0	2.0	2.0	1.0	2.0	2.0	2.0	2.0	0.0	2.0	2.0	2.0	1.75	2.0	2.0	2.0	2.0	1.0	1.85	2.0	2.0	1.0	2.0	1.5	2.0	2.0	2.0	2.0	2.0	2.0	2.0	1.9375	2.0	2.0	2.0	0.0	2.0	1.0	2.0	2.0	2.0	2.0	2.0
[PD_02]-[PD_05]	1.957297566731771	0.1780081056655837	2.0	2.0	2.0	2.0	2.0	2.0	1.8	2.0	2.0	2.0	2.0	2.0	2.0	2.0	2.0	2.0	1.6666666	2.0	2.0	2.0	2.0	2.0	2.0	2.0	2.0	2.0	1.0	2.0	2.0	2.0	2.0	2.0	2.0	2.0	2.0	2.0	2.0	2.0	2.0	2.0	2.0	2.0	2.0	2.0	1.8571428	2.0	2.0	2.0	2.0	2.0	2.0	2.0	2.0	2.0	2.0	2.0	1.0	2.0	2.0	2.0	2.0	2.0	2.0	2.0	2.0	2.0	2.0	2.0	2.0	1.3333334	2.0	2.0	2.0	2.0	2.0	2.0	2.0	2.0	2.0	2.0	2.0	2.0	2.0	2.0	1.0	2.0	2.0	2.0	2.0	2.0	2.0	2.0	1.5	2.0	2.0	2.0	2.0	2.0	2.0	2.0	2.0	2.0	2.0	2.0	2.0	2.0	2.0	2.0	2.0	2.0	2.0	2.0	2.0	2.0	2.0	2.0	2.0	2.0	2.0	1.75	2.0	2.0	2.0	1.0	2.0	2.0	2.0	2.0	2.0	1.75	2.0	2.0	2.0	2.0	2.0	2.0	2.0	2.0	1.9375	2.0	2.0	2.0	2.0	2.0	2.0	2.0	2.0	2.0	2.0	2.0
[PD_01]-[PD_03]	1.582686466957206	0.6947686700957136	2.0	2.0	2.0	2.0	2.0	0.47058824	2.0	2.0	2.0	2.0	1.0	2.0	1.6	-0.5	2.0	1.6428572	2.0	2.0	1.0	0.0	2.0	2.0	2.0	2.0	2.0	0.75	2.0	2.0	2.0	2.0	2.0	2.0	2.0	2.0	1.0	2.0	2.0	0.0	0.6666667	2.0	1.7058823	2.0	0.75	1.4	2.0	2.0	2.0	1.5	1.5	1.1666666	0.0	2.0	-1.0	2.0	1.0	1.5	2.0	0.5	2.0	1.5	0.0	2.0	2.0	2.0	2.0	2.0	2.0	2.0	1.0	-0.3125	2.0	2.0	2.0	0.5	2.0	0.625	1.25	2.0	2.0	2.0	1.0	2.0	2.0	2.0	1.0	2.0	2.0	2.0	2.0	0.42857143	2.0	1.5	1.0	2.0	2.0	1.0	2.0	2.0	1.0	0.47058824	2.0	1.5	2.0	2.0	1.0	2.0	1.5	2.0	2.0	2.0	-1.5	2.0	1.0	0.88235295	2.0	2.0	2.0	2.0	1.3333334	1.0	2.0	1.25	2.0	2.0	1.5	2.0	2.0	1.0	2.0	2.0	2.0	2.0	2.0	2.0
[PD_03]-[PD_10]	1.2917943422486182	0.6880760640840113	1.0	2.0	2.0	1.0	1.0	0.5	0.0	1.5	2.0	1.5	1.5	1.0	2.0	1.0	2.0	1.6	2.0	1.0	2.0	1.0	1.75	0.5	2.0	2.0	2.0	2.0	1.0	0.5	1.2142857	1.0	2.0	2.0	2.0	1.0	1.0	0.0	2.0	0.6666667	1.5	0.33333334	1.5	1.6	2.0	1.0	0.0	2.0	2.0	1.0	1.5	1.0	0.0	0.5	2.0	-0.33333334	2.0	0.0	2.0	2.0	2.0	1.5	2.0	1.6	0.0	2.0	2.0	0.5	0.5	1.0	2.0	2.0	0.5	1.6666666	0.75	0.33333334	1.0	1.5	2.0	2.0	0.25	2.0	0.5	2.0	1.0	2.0	1.0	2.0	1.5	0.0	1.6666666	0.375	1.5	0.5	1.0	2.0	1.0	2.0	1.0	1.6666666	2.0	0.0	0.0	1.0	2.0	0.5714286	1.0	0.5	1.5	1.0	0.0	1.5	2.0	1.0	0.6666667	1.5	0.0	2.0	2.0	1.0	-0.33333334	0.5	2.0	0.75	0.875	1.6666666	1.5	2.0	2.0	2.0	1.0	1.0	2.0	1.5	1.0	2.0	2.0	0.6315789	1.5	2.0	0.5	1.0	2.0	2.0	0.75	2.0	1.1764706	2.0	2.0
[PD_03]-[PD_09]	0.8085481293347417	0.6204847515260844	1.0	2.0	2.0	1.0	0.0	0.5	0.0	1.5	1.0	0.5	1.0	1.0	1.0	2.0	0.5	1.0	1.5	0.5	2.0	1.0	0.5	0.5	1.0	0.0	2.0	0.5	1.0	0.5	0.6666667	1.0	2.0	0.5	1.0	1.0	1.0	1.3333334	0.0	1.5	0.5	-0.5	1.0	1.5	1.0	1.0	0.0	1.0	1.0	1.0	1.0	1.0	0.0	0.5	0.0	-0.5	0.0	0.0	2.0	0.5	1.0	1.0	0.0	0.0	1.5	1.0	0.0	0.5	0.5	0.0	1.0	2.0	0.5	0.5	0.4	0.0	1.0	1.5	2.0	1.0	-0.5	2.0	0.5	1.0	1.0	0.0	1.0	1.0	0.5	0.0	1.5	0.4	1.0	0.5	1.0	2.0	1.0	2.0	1.0	0.5	2.0	0.0	0.0	1.0	1.0	0.0	1.0	0.5	1.0	1.0	0.0	1.0	0.6666667	0.5	0.0	1.0	1.0	0.0	0.5	0.5	-0.5	0.5	0.0	0.875	0.4	0.5	1.0	1.0	1.0	2.0	1.0	1.0	2.0	0.5	0.0	1.3333334	1.0	0.6315789	1.0	0.5	0.5	1.0	0.5	2.0	0.75	0.5	1.0	0.4	2.0
[PD_03]-[PD_04]	1.4671202160063244	1.0411005080593676	2.0	2.0	2.0	2.0	2.0	2.0	2.0	2.0	2.0	-2.0	2.0	1.5	2.0	-0.5	2.0	-1.5	2.0	2.0	1.3333334	0.625	2.0	-0.75	2.0	2.0	0.2857143	2.0	2.0	1.0	2.0	2.0	2.0	1.3333334	-0.33333334	2.0	0.625	2.0	2.0	2.0	2.0	2.0	2.0	2.0
[PD_03]-[PD_11]	0.985970458984375	0.8637069389388797	1.0	1.4	0.5	-0.2	1.0	0.25	2.0	1.1818181	2.0	1.4285715	1.625	2.0	2.0	1.0	1.8125	2.0	-0.16666667	2.0	1.1363636	2.0	0.6875	0.0	0.0	2.0	0.6666667	1.25	0.25	2.0	1.625	1.6842105	-0.5	0.75	1.875	0.33333334	2.0	1.3333334	1.3333334	1.4444444	1.0	0.4	0.16666667	0.6666667	2.0	0.85714287	1.6666666	1.75	1.9375	-0.2857143	-0.125	-0.5	1.25	0.25	1.1666666	2.0	1.625	-0.33333334	0.88	0.125	2.0	1.3181819	-0.125	2.0	1.1111112	1.3333334	2.0	2.0	1.625	0.65	0.84210527	1.4	1.5	2.0	2.0	0.16666667	0.3	0.8181818	2.0	-0.25	0.33333334	0.2	2.0	0.625	2.0	-1.0	1.5555556	0.5	1.0	1.125	-0.125	1.4285715	0.0	1.4285715	0.5	0.25	-0.6	2.0	2.0	1.6	2.0	-0.6666667	1.0	2.0	0.375	0.6363636	-1.0	1.3333334	2.0	1.4285715	2.0	0.5	-0.14285715	0.0	2.0	2.0	0.3125	1.6666666	1.0	-0.5	0.5	0.875	0.375	-0.33333334	-1.0	1.4736842	1.8125	0.8181818	-0.75	0.0	0.25	0.8333333	2.0	2.0	-0.5	2.0	0.0	1.0	1.0	2.0	0.4878049	1.25	1.0625	2.0	-1.0	0.85714287	1.0714285	0.75	0.8333333	2.0	1.7777778	1.8
