Perturbation	Average	SD	Data
[PD_01]	1.4358668212890624	0.8536188400790831	2.0	0.8	1.0	1.5	2.0	1.0	2.0	0.0	0.0	0.0	2.0	2.0	2.0	2.0	1.75	1.3333334	-1.0	0.5	2.0	2.0	2.0	-1.0	2.0	2.0	1.0	2.0	0.6666667	1.0	1.0	2.0	2.0	2.0	2.0	0.75	2.0	-0.8333333	1.5	2.0	2.0	1.5	0.0	0.33333334	0.0	2.0	2.0	1.3	-1.0	2.0	0.5	0.5	2.0	-1.0	2.0	2.0	2.0	2.0	2.0	2.0	1.5	2.0	2.0	1.0	2.0	2.0	1.6666666	2.0	-1.0	0.6666667	2.0	2.0	2.0	2.0	2.0	0.0	1.0	2.0	1.0	1.0	2.0	2.0	2.0	2.0	1.3333334	2.0	2.0	2.0	0.33333334	2.0	2.0	2.0	2.0	2.0	2.0	2.0	2.0	0.5	0.75	-0.33333334	2.0	1.0	2.0	0.0	2.0	2.0	2.0	2.0	2.0	2.0	2.0	1.3	2.0	2.0	2.0	1.1666666	2.0	2.0	0.0	0.5	2.0	2.0	2.0	2.0	2.0	2.0	1.0
[PD_02]	1.9358730061848959	0.2954516369092499	2.0	2.0	2.0	2.0	2.0	2.0	2.0	2.0	2.0	2.0	2.0	2.0	2.0	2.0	2.0	2.0	2.0	2.0	2.0	2.0	2.0	2.0	2.0	2.0	2.0	2.0	2.0	0.0	2.0	2.0	2.0	2.0	2.0	2.0	2.0	2.0	2.0	2.0	2.0	2.0	2.0	2.0	2.0	2.0	2.0	2.0	2.0	2.0	2.0	2.0	2.0	2.0	2.0	1.75	2.0	2.0	2.0	2.0	2.0	2.0	2.0	2.0	2.0	2.0	2.0	2.0	2.0	2.0	2.0	1.6666666	2.0	2.0	2.0	2.0	2.0	2.0	2.0	2.0	2.0	2.0	2.0	2.0	2.0	2.0	2.0	2.0	2.0	2.0	2.0	2.0	2.0	2.0	2.0	2.0	2.0	1.7142857	2.0	2.0	2.0	2.0	2.0	2.0	2.0	2.0	2.0	2.0	2.0	2.0	2.0	2.0	2.0	2.0	2.0	2.0	2.0	1.5	2.0	2.0	2.0	2.0	2.0	2.0	1.5	2.0	2.0	1.0	2.0	2.0	2.0	2.0	2.0	2.0	2.0	2.0	2.0	2.0	2.0	2.0	2.0	2.0	2.0	1.0	1.6666666	2.0	-0.5	1.75	2.0	2.0	2.0	1.3333334
[PD_03]	1.8167506931545017	0.44797049527075467	2.0	2.0	2.0	1.2222222	2.0	2.0	2.0	2.0	2.0	2.0	2.0	2.0	0.0	2.0	1.5	2.0	2.0	2.0	2.0	1.75	2.0	2.0	2.0	0.5	2.0	2.0	2.0	2.0	2.0	2.0	2.0	2.0	2.0	2.0	2.0	1.0	2.0	2.0	1.6666666	2.0	0.875	2.0	2.0	2.0	2.0	2.0	2.0	0.0	0.33333334	2.0	2.0	2.0	2.0	1.3	2.0	2.0	2.0	0.5	2.0	2.0	2.0	2.0	2.0	1.9230769	2.0	2.0	2.0	2.0	1.5	2.0	2.0	2.0	2.0	2.0	1.6666666	2.0	2.0	0.6666667	2.0	2.0	2.0	2.0	2.0	2.0	2.0	1.0	2.0	2.0	2.0	2.0	2.0	2.0	2.0	2.0	2.0	2.0	2.0	2.0	2.0	0.33333334	2.0	2.0	2.0	2.0	2.0	2.0	2.0	2.0	0.5	0.875	1.6666666	2.0	2.0	1.0	2.0	2.0	1.75	2.0	2.0	2.0	2.0	2.0	2.0	1.3	2.0	2.0	2.0	2.0	1.1666666	2.0	2.0	2.0	2.0	0.8	2.0	2.0	2.0	2.0	2.0	2.0	2.0	2.0	1.0
[PD_04]	2.0	0.0	2.0	2.0	2.0	2.0	2.0	2.0	2.0	2.0	2.0	2.0	2.0	2.0	2.0	2.0	2.0	2.0	2.0	2.0	2.0	2.0	2.0	2.0	2.0	2.0	2.0	2.0	2.0	2.0	2.0	2.0	2.0	2.0	2.0	2.0	2.0	2.0	2.0	2.0	2.0
[PD_05]	1.9938889567057292	0.058006163760486	2.0	2.0	2.0	2.0	2.0	2.0	2.0	2.0	2.0	2.0	2.0	2.0	2.0	2.0	2.0	2.0	2.0	2.0	2.0	2.0	2.0	2.0	2.0	2.0	2.0	2.0	2.0	2.0	2.0	2.0	2.0	2.0	2.0	2.0	2.0	2.0	2.0	2.0	2.0	2.0	2.0	2.0	2.0	2.0	2.0	2.0	2.0	2.0	2.0	2.0	2.0	2.0	2.0	2.0	2.0	2.0	2.0	2.0	2.0	2.0	2.0	2.0	2.0	2.0	2.0	2.0	2.0	2.0	2.0	2.0	2.0	2.0	2.0	2.0	2.0	2.0	2.0	2.0	2.0	2.0	2.0	2.0	2.0	2.0	2.0	2.0	2.0	2.0	2.0	2.0	2.0	2.0	2.0	2.0	2.0	2.0	2.0	2.0	2.0	2.0	2.0	2.0	2.0	2.0	2.0	2.0	2.0	2.0	2.0	2.0	2.0	2.0	2.0	2.0	2.0	1.75	2.0	2.0	2.0	2.0	2.0	2.0	2.0	2.0	2.0	2.0	2.0	2.0	2.0	2.0	2.0	2.0	2.0	2.0	2.0	2.0	2.0	2.0	2.0	2.0	2.0	2.0	2.0	2.0	2.0	2.0	2.0	2.0	2.0	1.3333334
[PD_06]	1.666492716471354	0.6549186599943451	2.0	1.4	2.0	2.0	2.0	1.5	2.0	2.0	2.0	0.0	0.0	2.0	2.0	2.0	2.0	2.0	1.5833334	2.0	2.0	0.0	1.0	1.0	2.0	2.0	0.5	2.0	2.0	0.0	2.0	1.7142857	2.0	2.0	2.0	0.0	2.0	2.0	2.0	1.5	2.0	2.0	1.0	2.0	1.5	2.0	2.0	2.0	0.625	0.5	2.0	2.0	2.0	2.0	2.0	1.75	0.0	2.0	-0.25	2.0	2.0	2.0	2.0	2.0	2.0	2.0	1.7368422	2.0	2.0	2.0	-1.0	1.6666666	2.0	2.0	1.75	1.3333334	1.0	2.0	2.0	2.0	2.0	2.0	2.0	2.0	2.0	1.5	1.5	2.0	1.4	2.0	2.0	1.4	2.0	2.0	2.0	2.0	1.7142857	1.88	1.5	1.7368422	2.0	2.0	2.0	2.0	2.0	2.0	2.0	2.0	1.5	2.0	2.0	2.0	2.0	2.0	2.0	2.0	2.0	1.5	2.0	2.0	1.6	1.0	2.0	2.0	1.5	1.0	2.0	1.0	1.25	-1.0	2.0	2.0	2.0	2.0	2.0	0.0	2.0	2.0	0.0	2.0	2.0	2.0	2.0	2.0	2.0	1.6	-0.5	1.75	2.0	2.0	2.0	1.3333334
[PD_07]	1.955	0.22819322437576148	2.0	2.0	2.0	2.0	2.0	2.0	2.0	2.0	2.0	2.0	2.0	2.0	2.0	2.0	2.0	2.0	1.0	2.0	2.0	2.0	2.0	2.0	2.0	2.0	2.0	2.0	2.0	2.0	2.0	2.0	2.0	2.0	2.0	2.0	2.0	2.0	2.0	2.0	2.0	2.0	2.0	2.0	2.0	2.0	2.0	2.0	2.0	2.0	2.0	2.0	2.0	2.0	2.0	2.0	2.0	2.0	2.0	2.0	2.0	2.0	2.0	2.0	2.0	2.0	2.0	2.0	2.0	2.0	2.0	2.0	2.0	2.0	2.0	1.5	2.0	2.0	2.0	2.0	2.0	2.0	2.0	2.0	2.0	2.0	2.0	2.0	1.25	2.0	2.0	2.0	2.0	2.0	2.0	2.0	2.0	2.0	2.0	2.0	2.0	2.0	2.0	2.0	2.0	2.0	2.0	2.0	2.0	2.0	2.0	2.0	2.0	2.0	2.0	1.5	0.0	2.0	2.0	2.0	2.0	2.0	2.0	2.0	2.0	2.0	1.0	2.0	2.0	2.0	2.0	2.0	2.0	2.0	2.0	1.0	2.0	2.0	2.0	2.0	2.0	2.0	2.0	2.0	2.0	2.0	2.0	2.0	2.0	2.0	2.0	2.0
[PD_08]	0.8816666666666667	0.323436697885614	1.0	1.0	1.0	1.0	1.0	1.0	1.0	0.0	1.0	1.0	1.0	1.0	0.0	1.0	1.0	0.0	1.0	1.0	1.0	1.0	1.0	1.0	1.0	1.0	1.0	1.0	1.0	0.0	1.0	1.0	1.0	1.0	1.0	1.0	1.0	0.0	1.0	0.5	1.0	1.0	1.0	1.0	1.0	1.0	1.0	1.0	0.0	1.0	1.0	1.0	1.0	1.0	1.0	0.75	1.0	1.0	1.0	1.0	1.0	1.0	1.0	1.0	1.0	1.0	1.0	1.0	1.0	1.0	1.0	1.0	1.0	1.0	0.0	1.0	1.0	1.0	1.0	1.0	1.0	1.0	1.0	1.0	1.0	1.0	1.0	1.0	1.0	1.0	1.0	1.0	1.0	1.0	0.5	1.0	1.0	1.0	1.0	1.0	1.0	1.0	1.0	1.0	1.0	1.0	1.0	1.0	1.0	0.0	1.0	1.0	1.0	1.0	1.0	1.0	0.0	1.0	1.0	1.0	1.0	1.0	0.0	1.0	-0.25	1.0	1.0	0.0	1.0	1.0	1.0	1.0	1.0	1.0	1.0	0.0	1.0	1.0	1.0	1.0	1.0	1.0	1.0	0.0	1.0	1.0	0.0	-0.25	1.0	1.0	1.0	1.0
[PD_09]	0.8244442749023437	0.5520801056809431	1.0	2.0	1.5	1.0	1.0	2.0	2.0	1.0	1.0	1.0	1.0	1.0	1.0	1.0	2.0	0.0	2.0	1.0	1.0	2.0	0.0	1.0	0.0	0.0	1.0	0.0	1.0	1.0	0.5	1.0	0.5	1.0	2.0	0.6666667	1.0	0.0	1.0	1.0	1.0	1.0	1.0	0.5	1.0	0.6666667	0.5	1.0	0.0	2.0	1.0	1.0	1.0	1.0	1.0	1.0	0.5	2.0	0.0	1.0	1.0	1.0	1.0	0.5	0.0	2.0	1.0	0.0	0.5	0.8888889	0.5	0.0	1.0	1.0	0.0	0.6666667	1.0	1.0	0.6666667	1.0	0.0	0.5	1.0	1.0	1.0	1.0	1.0	1.0	0.6666667	0.0	0.0	1.0	2.0	0.5	1.0	0.0	0.0	1.0	0.8888889	0.8888889	1.0	0.5	0.6666667	1.0	1.0	1.0	1.0	0.6666667	1.0	0.0	0.0	1.0	1.0	0.5	0.5	0.5	1.0	2.0	1.0	0.0	0.0	0.0	1.0	1.0	1.0	0.6666667	0.0	0.5	0.0	1.0	0.0	0.0	0.5	0.5	0.5	2.0	2.0	1.0	1.0	1.0	0.0	2.0	1.0	1.0	1.0	0.0	0.5	1.0	1.0	1.0	0.6666667	0.0
[PD_10]	1.348008524576823	0.6838313496724356	2.0	1.5	2.0	2.0	2.0	1.0	2.0	1.5	2.0	2.0	1.5	2.0	2.0	2.0	1.0	1.0	1.0	1.0	2.0	2.0	2.0	1.0	0.0	1.0	1.0	0.75	1.3333334	2.0	1.6666666	2.0	2.0	0.6	1.0	2.0	1.0	2.0	2.0	2.0	1.0	1.0	1.0	2.0	1.5	1.0	0.5	1.3333334	0.33333334	2.0	2.0	2.0	1.5	2.0	2.0	1.0	0.5	2.0	0.0	2.0	2.0	2.0	0.5	2.0	1.0	2.0	2.0	2.0	1.4615384	1.5	0.5	0.0	2.0	1.25	0.0	1.25	1.0	2.0	2.0	2.0	0.0	0.5	2.0	1.0	1.0	2.0	1.0	2.0	0.0	1.0	1.0	2.0	2.0	0.8	1.0	0.0	2.0	0.0	1.4615384	1.4615384	2.0	1.2	0.5	1.0	2.0	2.0	1.0	2.0	2.0	0.0	2.0	0.0	1.0	0.8	2.0	0.5	1.5	2.0	1.0	0.0	1.5	1.25	1.0	2.0	1.0	1.0	1.25	2.0	2.0	0.0	1.5	0.5	0.0	1.0	1.5	2.0	2.0	2.0	1.0	2.0	0.0	2.0	2.0	2.0	2.0	0.0	2.0	1.0	2.0	1.0	1.0	0.0
[PD_11]	1.0835114607574245	0.8600930654926127	1.5	2.0	1.8	0.3125	0.0	2.0	1.0	1.6666666	2.0	2.0	-1.5	2.0	1.5	-0.75	2.0	-0.4	-0.125	0.2857143	0.25	0.8	0.30769232	2.0	1.3333334	1.5	2.0	0.71428573	0.21428572	-1.0	0.6	0.2	-0.25	2.0	1.0	1.0	0.7	1.25	2.0	0.2857143	1.0	-0.6666667	1.5	2.0	0.9166667	0.25	2.0	0.21428572	1.5	0.8888889	2.0	1.0	2.0	0.0	1.2307693	1.5	1.375	-1.75	0.5	2.0	2.0	0.33333334	1.3333334	0.25	2.0	0.5714286	0.7	2.0	1.0	2.0	2.0	2.0	0.3548387	0.7647059	2.0	1.4	1.6875	2.0	1.8235294	2.0	0.7777778	2.0	1.0	2.0	1.4	1.1111112	2.0	2.0	1.25	2.0	1.5	0.47727272	1.625	2.0	2.0	1.6666666	1.3571428	2.0	0.90909094	1.0	2.0	-0.125	1.3333334	1.875	1.1764706	1.0	2.0	-0.33333334	0.33333334	0.53846157	2.0	2.0	0.75	1.0	-0.6388889	0.0	1.2631578	2.0	1.6923077	0.53846157	-0.6	0.33333334	2.0	0.0	0.6333333	1.875	2.0	1.4444444	2.0	1.75	0.0	0.5	1.173913	0.25	1.0	0.71428573	0.44444445	2.0	0.5555556	1.2307693	-0.5	0.7777778	0.84210527
[PD_03]-[PD_08]	0.7437780953787424	0.4373926174514749	0.25	0.0	1.0	0.5	1.0	1.0	1.0	-0.33333334	1.0	1.0	1.0	0.0	1.0	1.0	1.0	0.0	1.0	1.0	1.0	1.0	1.0	1.0	1.0	-0.25	1.0	0.0	1.0	1.0	1.0	1.0	1.0	0.6666667	1.0	0.0	0.2	1.0	1.0	0.5	0.375	1.0	1.0	1.0	1.0	0.0	1.0	1.0	1.0	-1.0	0.0	1.0	1.0	0.75	1.0	0.4	1.0	1.0	1.0	1.0	-0.25	1.0	0.9230769	1.0	1.0	1.0	1.0	1.0	1.0	0.5	0.0	1.0	1.0	1.0	0.6666667	1.0	1.0	1.0	1.0	1.0	-0.33333334	0.15384616	1.0	1.0	1.0	1.0	1.0	1.0	1.0	1.0	0.5	1.0	1.0	1.0	1.0	1.0	1.0	1.0	1.0	1.0	1.0	-0.33333334	1.0	1.0	1.0	1.0	0.0	1.0	0.0	1.0	0.25	0.375	0.6666667	1.0	1.0	0.4	1.0	-0.25	1.0	0.75	0.0	1.0	1.0	1.0	0.4	1.0	1.0	1.0	1.0	0.0	0.33333334	1.0	1.0	1.0	1.0	0.4	0.0	1.0	1.0	-0.25	0.0	1.0	1.0	1.0	0.4
[PD_02]-[PD_07]	1.9113175455729168	0.3029250798121452	2.0	2.0	2.0	2.0	2.0	2.0	2.0	2.0	2.0	2.0	2.0	2.0	1.0	2.0	2.0	2.0	2.0	2.0	2.0	2.0	2.0	2.0	2.0	2.0	2.0	2.0	0.33333334	2.0	2.0	2.0	2.0	2.0	2.0	2.0	2.0	2.0	2.0	2.0	2.0	2.0	2.0	2.0	2.0	2.0	2.0	2.0	2.0	2.0	2.0	2.0	2.0	2.0	2.0	1.75	2.0	2.0	2.0	2.0	2.0	2.0	2.0	2.0	2.0	2.0	2.0	2.0	2.0	2.0	2.0	1.6666666	2.0	2.0	2.0	1.5	2.0	2.0	2.0	2.0	2.0	2.0	2.0	2.0	2.0	2.0	2.0	2.0	1.25	2.0	2.0	2.0	2.0	2.0	2.0	2.0	2.0	2.0	1.7142857	2.0	2.0	2.0	2.0	2.0	2.0	2.0	2.0	2.0	2.0	2.0	2.0	2.0	2.0	2.0	1.0	1.5	2.0	2.0	2.0	2.0	2.0	2.0	2.0	2.0	1.5	1.0	2.0	2.0	2.0	2.0	2.0	2.0	2.0	2.0	2.0	2.0	1.0	2.0	2.0	2.0	2.0	2.0	2.0	1.0	2.0	1.6	1.75	-0.2	2.0	2.0	2.0	1.3333334
[PD_02]-[PD_08]	0.8186508178710937	0.43200969930019445	1.0	1.0	0.0	1.0	1.0	1.0	1.0	1.0	1.0	0.0	1.0	1.0	1.0	0.0	1.0	1.0	1.0	1.0	1.0	1.0	1.0	1.0	1.0	1.0	1.0	1.0	-1.0	1.0	1.0	1.0	1.0	1.0	1.0	1.0	1.0	1.0	1.0	0.0	0.0	1.0	1.0	1.0	1.0	1.0	1.0	0.0	1.0	1.0	1.0	1.0	1.0	1.0	1.0	0.75	1.0	1.0	1.0	1.0	0.0	1.0	1.0	1.0	1.0	1.0	1.0	1.0	1.0	1.0	1.0	0.6666667	1.0	1.0	0.0	1.0	1.0	1.0	1.0	1.0	1.0	1.0	1.0	1.0	1.0	1.0	1.0	1.0	1.0	1.0	1.0	1.0	1.0	1.0	0.0	1.0	1.0	0.71428573	1.0	1.0	1.0	1.0	1.0	1.0	0.0	0.0	1.0	1.0	1.0	1.0	1.0	0.0	1.0	0.0	1.0	1.0	1.0	1.0	1.0	1.0	1.0	1.0	0.0	1.0	-0.25	0.0	1.0	0.0	1.0	1.0	1.0	1.0	1.0	1.0	1.0	1.0	0.0	1.0	1.0	0.0	1.0	1.0	1.0	0.0	1.0	0.6666667	-0.25	-1.5	1.0	1.0	1.0	1.0
[PD_01]-[PD_04]	0.5557143317328559	1.23441264713778	0.5	1.0	-1.5	-1.0	1.5	-1.0	2.0	2.0	-1.5	-0.14285715	0.5	-0.5	2.0	-0.5	0.0	0.8333333	-1.0	2.0	2.0	1.0	2.0	-1.0	0.0	-0.6	1.0	0.0	2.0	2.0	2.0	2.0	2.0	-0.5	2.0	2.0	0.0	-0.5	-1.0	0.75	-1.0	2.0	0.8333333	-0.5	-1.0	2.0	0.33333334
[PD_02]-[PD_06]	1.6675641886393229	0.6547950607591015	2.0	2.0	1.0	2.0	2.0	1.5	2.0	0.0	1.3333334	2.0	2.0	2.0	0.0	2.0	2.0	2.0	0.0	2.0	2.0	1.0	2.0	2.0	2.0	1.5833334	0.5	0.0	2.0	2.0	2.0	2.0	2.0	2.0	2.0	0.0	2.0	1.0	2.0	1.5	1.5	2.0	2.0	1.75	2.0	2.0	2.0	2.0	0.6666667	0.5	2.0	2.0	2.0	2.0	2.0	1.75	0.0	2.0	-0.25	2.0	2.0	2.0	2.0	2.0	2.0	2.0	2.0	2.0	2.0	1.7368422	-1.0	1.6666666	2.0	2.0	1.3333334	1.8333334	1.0	2.0	2.0	2.0	2.0	2.0	2.0	2.0	2.0	2.0	1.5	2.0	1.5	2.0	1.4	2.0	2.0	1.4	2.0	2.0	1.5	1.88	1.7142857	1.7368422	2.0	2.0	2.0	2.0	2.0	2.0	2.0	2.0	2.0	2.0	2.0	2.0	1.5	2.0	2.0	2.0	2.0	1.5	2.0	2.0	1.6666666	2.0	1.0	2.0	1.0	1.5	1.0	2.0	-1.0	1.25	2.0	2.0	2.0	2.0	0.0	2.0	0.0	2.0	2.0	2.0	2.0	2.0	2.0	2.0	2.0	1.6	1.75	-0.5	2.0	2.0	2.0	1.3333334
[PD_02]-[PD_05]	1.9358730061848959	0.2954516369092499	2.0	2.0	2.0	2.0	2.0	2.0	2.0	2.0	2.0	2.0	2.0	2.0	2.0	2.0	2.0	2.0	2.0	2.0	2.0	2.0	2.0	2.0	2.0	2.0	2.0	0.0	2.0	2.0	2.0	2.0	2.0	2.0	2.0	2.0	2.0	2.0	2.0	2.0	2.0	2.0	2.0	2.0	2.0	2.0	2.0	2.0	2.0	2.0	2.0	2.0	2.0	2.0	2.0	1.75	2.0	2.0	2.0	2.0	2.0	2.0	2.0	2.0	2.0	2.0	2.0	2.0	2.0	2.0	2.0	1.6666666	2.0	2.0	2.0	2.0	2.0	2.0	2.0	2.0	2.0	2.0	2.0	2.0	2.0	2.0	2.0	2.0	2.0	2.0	2.0	2.0	2.0	2.0	2.0	2.0	2.0	2.0	1.7142857	2.0	2.0	2.0	2.0	2.0	2.0	2.0	2.0	2.0	2.0	2.0	2.0	2.0	2.0	2.0	2.0	2.0	2.0	1.5	2.0	2.0	2.0	2.0	2.0	2.0	1.0	1.5	2.0	2.0	2.0	2.0	2.0	2.0	2.0	2.0	2.0	2.0	2.0	2.0	2.0	2.0	2.0	2.0	1.0	2.0	2.0	1.6666666	1.75	-0.5	2.0	2.0	2.0	1.3333334
[PD_01]-[PD_03]	1.39986669921875	0.8715883196131168	0.8	1.5	1.0	-1.0	1.0	0.0	2.0	2.0	1.75	0.0	2.0	2.0	2.0	0.0	1.3333334	0.33333334	0.5	2.0	2.0	2.0	1.0	2.0	2.0	-1.0	2.0	2.0	1.5	-0.8333333	2.0	0.75	1.0	2.0	0.33333334	0.6666667	2.0	2.0	2.0	2.0	2.0	0.0	1.5	0.33333334	2.0	0.0	2.0	1.3	-1.0	-1.0	0.5	2.0	0.0	2.0	2.0	2.0	2.0	2.0	2.0	1.5	2.0	2.0	1.6666666	2.0	1.0	2.0	2.0	2.0	-1.0	0.6666667	1.0	2.0	1.0	2.0	0.0	2.0	2.0	2.0	2.0	1.0	2.0	2.0	2.0	2.0	1.3333334	2.0	2.0	2.0	0.33333334	2.0	2.0	2.0	2.0	2.0	2.0	2.0	0.5	2.0	0.75	-0.33333334	2.0	2.0	1.0	0.0	2.0	2.0	2.0	2.0	2.0	2.0	1.3	2.0	2.0	2.0	2.0	1.1666666	2.0	2.0	0.0	2.0	0.5	0.33333334	2.0	2.0	2.0	2.0	1.0
[PD_03]-[PD_10]	1.225124225749836	0.7358601026243637	1.0	1.0	2.0	2.0	2.0	1.0	2.0	1.5	1.0	2.0	1.0	0.0	1.5	1.0	2.0	1.25	0.25	2.0	2.0	1.0	2.0	-0.5	2.0	2.0	2.0	0.75	1.6666666	2.0	1.3333334	2.0	2.0	0.8333333	1.0	1.0	1.0	0.875	1.0	1.0	2.0	2.0	1.0	0.5	1.5	0.0	1.3333334	0.33333334	0.0	2.0	0.6666667	2.0	2.0	1.0	2.0	0.4375	2.0	2.0	2.0	0.33333334	2.0	2.0	2.0	1.5	1.8888888	1.4615384	0.5	0.0	2.0	0.75	1.4	1.6666666	1.0	2.0	0.0	0.0	2.0	0.5	2.0	1.0	0.5	1.0	0.5714286	1.0	2.0	1.0	2.0	0.0	0.8	1.0	2.0	0.0	2.0	1.4615384	0.0	1.4615384	2.0	2.0	0.0	1.0	2.0	0.0	2.0	0.0	2.0	2.0	2.0	1.0	0.8	0.6	0.0	0.875	1.0	1.5	0.0	1.0	2.0	1.2	1.0	1.0	2.0	0.0	1.5	2.0	0.4375	0.0	1.0	2.0	1.5	2.0	1.0	1.1666666	2.0	0.0	2.0	2.0	0.8	2.0	0.0	1.0	2.0	2.0	1.0	0.0	-0.21052632
[PD_03]-[PD_09]	0.6962883155662697	0.6019212944196495	0.0	0.0	1.0	1.0	2.0	2.0	1.5	2.0	1.0	1.0	0.0	0.0	1.0	0.0	0.33333334	1.0	2.0	1.0	1.0	1.0	2.0	-0.5	2.0	0.0	1.0	0.0	1.0	1.0	1.0	0.5	1.0	0.75	1.0	0.0	1.0	0.0	1.0	0.41666666	1.0	2.0	0.5	0.5	0.5	0.0	1.0	0.0	0.0	1.0	0.0	1.0	1.0	2.0	1.0	0.4375	1.0	1.0	1.0	1.0	-0.5	2.0	0.0	0.5	1.0	0.8888889	0.5	0.0	1.0	0.5	0.75	0.0	1.0	1.0	0.0	0.0	0.6666667	0.5	1.0	1.0	0.5	0.33333334	1.0	0.5714286	2.0	1.0	0.6666667	0.0	0.5	1.0	0.0	0.0	1.0	0.8888889	0.0	0.8888889	1.0	1.0	1.0	0.0	1.0	0.0	0.6666667	0.0	1.0	0.5	0.5	1.0	0.0	0.0	1.0	0.75	1.0	0.0	0.0	-0.25	1.0	0.5	1.0	0.0	0.5	1.0	0.0	0.0	0.4375	0.0	2.0	0.5	1.0	2.0	0.5	0.33333334	1.0	0.0	2.0	1.0	0.25	1.0	0.0	1.0	0.5	1.0	1.0	0.0	-0.21052632
[PD_03]-[PD_04]	1.2150195139758992	1.050580217712976	1.0	2.0	2.0	1.5	2.0	2.0	-1.0	2.0	-1.0	2.0	2.0	2.0	1.5	-0.25	-0.14285715	2.0	2.0	-0.5	2.0	0.8333333	-1.0	1.8888888	2.0	2.0	1.0	2.0	2.0	2.0	0.0	-0.6	2.0	2.0	2.0	2.0	2.0	2.0	2.0	2.0	-0.5	2.0	0.0	2.0	-0.25	1.5	2.0	0.75	1.0	2.0	0.8333333	-0.5	0.0	2.0	0.33333334
[PD_03]-[PD_11]	0.8095350138346354	0.96469250758658	1.0	2.0	0.5	2.0	1.0	1.8	0.0	0.0	-0.75	1.7647059	-0.14285715	0.8	1.75	0.41666666	-0.4	-0.5	-0.25	1.5	1.7647059	-1.5	-0.5	2.0	0.25	2.0	1.0	0.71428573	2.0	-0.25	-1.0	0.7	0.21428572	0.25	0.5	1.25	0.25	1.3333334	-0.125	1.5	0.2857143	2.0	1.0	-0.4	-0.8	2.0	0.21428572	-0.33333334	2.0	1.0	-1.5	0.6666667	0.0	0.0	2.0	1.0	1.2307693	0.75	1.3	-1.75	0.5	0.5	2.0	2.0	0.5714286	-0.5	0.25	0.3	1.9230769	2.0	0.2	2.0	0.75	1.0	0.54285717	0.8	2.0	0.5	2.0	1.6875	1.4	1.8235294	2.0	0.7777778	0.33333334	1.0	1.0	2.0	1.25	2.0	1.4	0.0	2.0	1.5	2.0	0.45454547	1.625	2.0	2.0	1.6666666	1.1034483	1.3333334	2.0	-0.8	2.0	-0.125	1.875	-0.25	0.8	-0.33333334	0.07692308	2.0	-0.5	0.25	2.0	2.0	0.9411765	0.25	1.3333334	-0.6388889	0.72727275	-0.5	2.0	1.0	0.6	1.4615384	-0.6	-0.16666667	0.1969697	-2.0	2.0	1.3	1.875	1.75	2.0	1.5	0.75	0.0	1.0	0.5	1.1818181	0.0	0.71428573	0.2	-0.4	2.0	1.2307693	0.5555556	-0.5	0.7777778	-0.8	1.0
